1686002822248 0.0 0
1686002827434 1.0 1
1686002834080 2.0 2
1686002841156 3.0 3
1686002847117 4.0 4
1686002853452 5.0 5
1686002860301 6.0 6
1686002865085 7.0 7
1686002870746 8.0 8
1686002877693 9.0 9
1686002884887 10.0 10
1686002889993 11.0 11
1686002896655 12.0 12
1686002903585 13.0 13
1686002909806 14.0 14
1686002916042 15.0 15
1686002922815 16.0 16
1686002929702 17.0 17
1686002936256 18.0 18
1686002941741 19.0 19
1686002948977 20.0 20
1686002953700 21.0 21
1686002960388 22.0 22
1686002967185 23.0 23
1686002972846 24.0 24
1686002979240 25.0 25
1686002986132 26.0 26
1686002992538 27.0 27
1686002999349 28.0 28
1686003006281 29.0 29
