1685999368778 0.0 0
1685999374654 1.0 1
1685999381794 2.0 2
1685999388936 3.0 3
1685999394231 4.0 4
1685999401298 5.0 5
1685999408409 6.0 6
1685999414431 7.0 7
1685999421348 8.0 8
1685999428501 9.0 9
1685999434398 10.0 10
1685999439989 11.0 11
1685999447106 12.0 12
1685999454225 13.0 13
1685999459577 14.0 14
1685999466641 15.0 15
1685999473791 16.0 16
1685999480071 17.0 17
1685999486831 18.0 18
1685999493995 19.0 19
1685999500854 20.0 20
1685999507487 21.0 21
1685999512602 22.0 22
1685999519738 23.0 23
1685999525278 24.0 24
1685999532249 25.0 25
1685999539394 26.0 26
