1685999368760 0.7989909052848816 0
1685999374646 0.7055618762969971 1
1685999381786 0.680938720703125 2
1685999388927 0.7091228365898132 3
1685999394223 0.6121437549591064 4
1685999401290 0.5870622396469116 5
1685999408400 0.567255437374115 6
1685999414422 0.530499279499054 7
1685999421341 0.5392053127288818 8
1685999428493 0.5424010753631592 9
1685999434389 0.48599773645401 10
1685999439980 0.4733920097351074 11
1685999447098 0.4733310341835022 12
1685999454216 0.4537044167518616 13
1685999459568 0.43812984228134155 14
1685999466632 0.495570570230484 15
1685999473783 0.46642541885375977 16
1685999480063 0.451961874961853 17
1685999486822 0.44178253412246704 18
1685999493987 0.429817259311676 19
1685999500846 0.41725823283195496 20
1685999507478 0.41381901502609253 21
1685999512593 0.450236976146698 22
1685999519729 0.4354355037212372 23
1685999525269 0.4452943503856659 24
1685999532241 0.39456939697265625 25
1685999539385 0.37860292196273804 26
