1685999368760 -0.11332414466894325 0
1685999374646 -0.5272609391666103 1
1685999381786 0.03493136397109085 2
1685999388927 -0.3285724321217182 3
1685999394223 0.009631497762951058 4
1685999401290 -0.42082692879649675 5
1685999408400 -0.37254864352605654 6
1685999414422 0.22016097751945782 7
1685999421341 -0.2004593682403157 8
1685999428493 -0.0764646920924207 9
1685999434389 0.03988342706326972 10
1685999439980 0.16434999743210776 11
1685999447098 0.030489667808327677 12
1685999454216 0.2702305851554664 13
1685999459568 0.26017575920947683 14
1685999466632 -0.004868281725623719 15
1685999473783 0.05390574569065126 16
1685999480063 0.1834433435274505 17
1685999486822 0.4363355399721682 18
1685999493987 0.2950575336241337 19
1685999500846 0.17188253726924355 20
1685999507478 0.22880374523847224 21
1685999512593 -0.25000457110616175 22
1685999519729 -0.09339385443224114 23
1685999525269 0.13615877730872056 24
1685999532241 -0.3086022732748342 25
1685999539385 0.35913587049060286 26
