1685999368760 0.6762518286705017 0
1685999374646 0.6371136903762817 1
1685999381786 0.6089658737182617 2
1685999388927 0.6285485029220581 3
1685999394223 0.5788393020629883 4
1685999401290 0.5736989378929138 5
1685999408400 0.569915771484375 6
1685999414422 0.5332247018814087 7
1685999421341 0.5434446334838867 8
1685999428493 0.5406999588012695 9
1685999434389 0.5205786824226379 10
1685999439980 0.5110524296760559 11
1685999447098 0.49357083439826965 12
1685999454216 0.4918513298034668 13
1685999459568 0.49346888065338135 14
1685999466632 0.5205400586128235 15
1685999473783 0.515660285949707 16
1685999480063 0.49991244077682495 17
1685999486822 0.48851191997528076 18
1685999493987 0.48916950821876526 19
1685999500846 0.4807034134864807 20
1685999507478 0.4770149886608124 21
1685999512593 0.5028018951416016 22
1685999519729 0.48112791776657104 23
1685999525269 0.49419477581977844 24
1685999532241 0.46038952469825745 25
1685999539385 0.4629567563533783 26
