1685999368760 0.798990913074125 0
1685999374646 0.7055619018095912 1
1685999381786 0.6809386448991118 2
1685999388927 0.7091228594777711 3
1685999394223 0.6121437664030853 4
1685999401290 0.5870622355124038 5
1685999408400 0.5672553879999076 6
1685999414422 0.5304992930173422 7
1685999421341 0.5392053040647597 8
1685999428493 0.542401120680469 9
1685999434389 0.48599772339432756 10
1685999439980 0.4733920444127624 11
1685999447098 0.4733310529369522 12
1685999454216 0.4537044212109212 13
1685999459568 0.4381298363406324 14
1685999466632 0.495570514224131 15
1685999473783 0.4664254011868527 16
1685999480063 0.4519618601030247 17
1685999486822 0.4417825653358842 18
1685999493987 0.429817244904398 19
1685999500846 0.4172582629729401 20
1685999507478 0.4138190438547595 21
1685999512593 0.45023698323039396 22
1685999519729 0.4354355147559986 23
1685999525269 0.44529435507050064 24
1685999532241 0.39456939544867387 25
1685999539385 0.3786029337171578 26
