1686003024319 0.0 0
1686003031694 1.0 1
1686003036479 2.0 2
1686003043317 3.0 3
1686003050209 4.0 4
1686003055685 5.0 5
1686003062783 6.0 6
1686003069899 7.0 7
1686003075633 8.0 8
1686003081429 9.0 9
1686003088554 10.0 10
1686003095478 11.0 11
1686003100673 12.0 12
1686003107517 13.0 13
1686003114467 14.0 14
1686003119229 15.0 15
1686003126540 16.0 16
1686003133595 17.0 17
1686003138743 18.0 18
1686003145290 19.0 19
1686003151415 20.0 20
1686003158235 21.0 21
1686003163629 22.0 22
1686003170719 23.0 23
1686003177708 24.0 24
1686003182427 25.0 25
1686003189439 26.0 26
1686003196376 27.0 27
1686003202041 28.0 28
1686003208420 29.0 29
