1683297259147 0.0 0
1683297262524 1.0 1
1683297265907 2.0 2
1683297269297 3.0 3
1683297272710 4.0 4
1683297276151 5.0 5
1683297279585 6.0 6
1683297282979 7.0 7
1683297286371 8.0 8
1683297289781 9.0 9
1683297293178 10.0 10
1683297296630 11.0 11
1683297300014 12.0 12
1683297303373 13.0 13
1683297306770 14.0 14
1683297310195 15.0 15
1683297313592 16.0 16
1683297316977 17.0 17
1683297320382 18.0 18
1683297323785 19.0 19
1683297327201 20.0 20
1683297330557 21.0 21
1683297333912 22.0 22
1683297337269 23.0 23
1683297340602 24.0 24
1683297343971 25.0 25
1683297347322 26.0 26
1683297350663 27.0 27
1683297354016 28.0 28
1683297357395 29.0 29
