1683299032041 0.0 0
1683299035193 1.0 1
1683299038342 2.0 2
1683299041533 3.0 3
1683299044678 4.0 4
1683299047842 5.0 5
1683299051034 6.0 6
1683299054189 7.0 7
1683299057378 8.0 8
1683299060583 9.0 9
1683299063763 10.0 10
1683299066936 11.0 11
1683299070088 12.0 12
1683299073286 13.0 13
1683299076440 14.0 14
1683299079564 15.0 15
1683299082704 16.0 16
1683299085889 17.0 17
1683299089088 18.0 18
1683299092266 19.0 19
1683299095448 20.0 20
1683299098620 21.0 21
1683299101792 22.0 22
1683299104984 23.0 23
1683299108176 24.0 24
1683299111351 25.0 25
1683299114536 26.0 26
