1683299032024 0.6815609335899353 0
1683299035186 0.5102153420448303 1
1683299038336 0.5035426616668701 2
1683299041526 0.4472239315509796 3
1683299044670 0.4361143410205841 4
1683299047835 0.3994370400905609 5
1683299051027 0.4157869517803192 6
1683299054182 0.4348580539226532 7
1683299057364 0.39723825454711914 8
1683299060575 0.3816613256931305 9
1683299063755 0.29735973477363586 10
1683299066930 0.3442656695842743 11
1683299070081 0.30452030897140503 12
1683299073265 0.28791239857673645 13
1683299076432 0.29084405303001404 14
1683299079556 0.30797624588012695 15
1683299082698 0.2751311957836151 16
1683299085880 0.2657260596752167 17
1683299089081 0.2570231258869171 18
1683299092259 0.2919341027736664 19
1683299095440 0.2625354826450348 20
1683299098614 0.2513796389102936 21
1683299101785 0.21015006303787231 22
1683299104976 0.23138590157032013 23
1683299108169 0.20877701044082642 24
1683299111344 0.2470148205757141 25
1683299114529 0.21020084619522095 26
