1683299032024 0.2447424900778371 0
1683299035186 0.4093513038671324 1
1683299038336 0.3893151591156628 2
1683299041526 0.4966881858368541 3
1683299044670 0.4967130284267047 4
1683299047835 0.5544842419461868 5
1683299051027 0.5081913899175912 6
1683299054182 0.5084164645565306 7
1683299057364 0.5355645613684925 8
1683299060575 0.5641660319538898 9
1683299063755 0.6531897248183473 10
1683299066930 0.5977504443041113 11
1683299070081 0.624496988947953 12
1683299073265 0.6620317401897445 13
1683299076432 0.6476912883974522 14
1683299079556 0.6357040912000135 15
1683299082698 0.636419383625552 16
1683299085880 0.683599732084266 17
1683299089081 0.6819614585631055 18
1683299092259 0.6535677972398987 19
1683299095440 0.6768498270876219 20
1683299098614 0.6884805907715542 21
1683299101785 0.7571878550750736 22
1683299104976 0.7184849100975854 23
1683299108169 0.7497125892487845 24
1683299111344 0.7125378387462471 25
1683299114529 0.7261077654400239 26
