1683299032024 0.6815609217367389 0
1683299035186 0.5102154036814516 1
1683299038336 0.5035427046770399 2
1683299041526 0.44722395932132547 3
1683299044670 0.43611441484906455 4
1683299047835 0.39943703467195685 5
1683299051027 0.41578700698234816 6
1683299054182 0.4348580918528817 7
1683299057364 0.39723831127313053 8
1683299060575 0.381661305712028 9
1683299063755 0.29735975340008736 10
1683299066930 0.34426568854938855 11
1683299070081 0.30452034199102357 12
1683299073265 0.2879124234684489 13
1683299076432 0.2908440406688235 14
1683299079556 0.3079762331802737 15
1683299082698 0.2751312120394273 16
1683299085880 0.2657260669564659 17
1683299089081 0.25702314722267067 18
1683299092259 0.29193411699750205 19
1683299095440 0.2625355121086944 20
1683299098614 0.25137967768717895 21
1683299101785 0.21015007963234728 22
1683299104976 0.23138590046966617 23
1683299108169 0.20877701823006978 24
1683299111344 0.24701486104591328 25
1683299114529 0.21020086414434694 26
