1683299032024 0.6459528207778931 0
1683299035186 0.5517078042030334 1
1683299038336 0.5511142611503601 2
1683299041526 0.5048829913139343 3
1683299044670 0.5016385912895203 4
1683299047835 0.4726308584213257 5
1683299051027 0.49645379185676575 6
1683299054182 0.4959648847579956 7
1683299057364 0.4821467697620392 8
1683299060575 0.4726385176181793 9
1683299063755 0.4198121726512909 10
1683299066930 0.4393812119960785 11
1683299070081 0.4249577224254608 12
1683299073265 0.4118790328502655 13
1683299076432 0.41602805256843567 14
1683299079556 0.4118095636367798 15
1683299082698 0.40074583888053894 16
1683299085880 0.38145768642425537 17
1683299089081 0.3846171200275421 18
1683299092259 0.4097762405872345 19
1683299095440 0.3906596004962921 20
1683299098614 0.38762199878692627 21
1683299101785 0.34877145290374756 22
1683299104976 0.3525061011314392 23
1683299108169 0.36185356974601746 24
1683299111344 0.3672697842121124 25
1683299114529 0.3442254662513733 26
