1686003436912 0.0 0
1686003442168 1.0 1
1686003449091 2.0 2
1686003454108 3.0 3
1686003461135 4.0 4
1686003468091 5.0 5
1686003472857 6.0 6
1686003480125 7.0 7
1686003486851 8.0 8
1686003492318 9.0 9
1686003498638 10.0 10
1686003505914 11.0 11
1686003510744 12.0 12
1686003515544 13.0 13
1686003522181 14.0 14
1686003529014 15.0 15
1686003534803 16.0 16
1686003541369 17.0 17
1686003548575 18.0 18
1686003554805 19.0 19
1686003561017 20.0 20
1686003567896 21.0 21
1686003574515 22.0 22
1686003580469 23.0 23
1686003585494 24.0 24
1686003592656 25.0 25
1686003597731 26.0 26
1686003604224 27.0 27
1686003611297 28.0 28
1686003617451 29.0 29
