1686001515545 0.0 0
1686001522853 1.0 1
1686001528773 2.0 2
1686001536202 3.0 3
1686001543729 4.0 4
1686001549807 5.0 5
1686001557266 6.0 6
1686001564830 7.0 7
1686001571084 8.0 8
1686001578072 9.0 9
1686001585752 10.0 10
1686001591397 11.0 11
1686001597632 12.0 12
1686001605218 13.0 13
1686001612724 14.0 14
1686001618899 15.0 15
1686001626412 16.0 16
1686001634147 17.0 17
1686001640303 18.0 18
1686001647833 19.0 19
1686001655495 20.0 20
1686001661540 21.0 21
1686001668568 22.0 22
1686001675958 23.0 23
1686001682439 24.0 24
1686001689723 25.0 25
1686001697343 26.0 26
