1686001515522 -0.26368684018568944 0
1686001522844 -0.3706654504022746 1
1686001528763 -0.014435869570230754 2
1686001536192 0.036322034530191824 3
1686001543719 0.3463170655969966 4
1686001549797 0.002271679805729856 5
1686001557256 0.1300801482604447 6
1686001564820 0.24370564668682215 7
1686001571073 0.3193429776343215 8
1686001578063 0.05557141351073824 9
1686001585742 0.40075943932172114 10
1686001591387 0.24510613502503792 11
1686001597622 0.050295710895484895 12
1686001605208 0.29639537048172476 13
1686001612714 0.2797525210248947 14
1686001618889 0.3059989101397052 15
1686001626402 0.012301598385636357 16
1686001634137 0.21602762434470596 17
1686001640294 0.31264153049806925 18
1686001647823 0.20333960963500283 19
1686001655485 0.08411581212767545 20
1686001661530 0.23673256595400466 21
1686001668558 0.41963953326518244 22
1686001675948 0.388189966986155 23
1686001682430 0.4147767058355045 24
1686001689713 0.37888890623854404 25
1686001697333 0.24813972103459053 26
