1686001515522 0.7779160737991333 0
1686001522844 0.6975834965705872 1
1686001528763 0.5597869753837585 2
1686001536192 0.48162639141082764 3
1686001543719 0.4064289927482605 4
1686001549797 0.40747568011283875 5
1686001557256 0.41625311970710754 6
1686001564820 0.41019579768180847 7
1686001571073 0.4015742540359497 8
1686001578063 0.39074188470840454 9
1686001585742 0.35125237703323364 10
1686001591387 0.37609556317329407 11
1686001597622 0.3623891770839691 12
1686001605208 0.3531469702720642 13
1686001612714 0.33769989013671875 14
1686001618889 0.35344386100769043 15
1686001626402 0.348106324672699 16
1686001634137 0.33971065282821655 17
1686001640294 0.3585810661315918 18
1686001647823 0.3409421443939209 19
1686001655485 0.34674692153930664 20
1686001661530 0.3316400647163391 21
1686001668558 0.3093591630458832 22
1686001675948 0.32941898703575134 23
1686001682430 0.32847288250923157 24
1686001689713 0.31024089455604553 25
1686001697333 0.34258073568344116 26
