1686001515522 0.7055292725563049 0
1686001522844 0.6528823375701904 1
1686001528763 0.5729378461837769 2
1686001536192 0.534595251083374 3
1686001543719 0.4891607165336609 4
1686001549797 0.4881596565246582 5
1686001557256 0.4830819368362427 6
1686001564820 0.4877232015132904 7
1686001571073 0.4900892376899719 8
1686001578063 0.4751962721347809 9
1686001585742 0.452399343252182 10
1686001591387 0.46686774492263794 11
1686001597622 0.46422824263572693 12
1686001605208 0.4518221318721771 13
1686001612714 0.44613346457481384 14
1686001618889 0.45078715682029724 15
1686001626402 0.44725507497787476 16
1686001634137 0.4476718008518219 17
1686001640294 0.4521324932575226 18
1686001647823 0.4471275508403778 19
1686001655485 0.4454209804534912 20
1686001661530 0.43537595868110657 21
1686001668558 0.4222111105918884 22
1686001675948 0.4355965852737427 23
1686001682430 0.43763887882232666 24
1686001689713 0.42672428488731384 25
1686001697333 0.4475398659706116 26
