1686001515522 0.7779160461981188 0
1686001522844 0.6975834932686253 1
1686001528763 0.5597870198791056 2
1686001536192 0.48162638599222357 3
1686001543719 0.4064290087782975 4
1686001549797 0.40747566952962766 5
1686001557256 0.4162531276092385 6
1686001564820 0.4101957730299821 7
1686001571073 0.4015742622485215 8
1686001578063 0.3907418778222619 9
1686001585742 0.3512523870237849 10
1686001591387 0.37609558751467953 11
1686001597622 0.36238920050814294 12
1686001605208 0.3531469609165056 13
1686001612714 0.3376999223943461 14
1686001618889 0.3534438752033042 15
1686001626402 0.34810630501614825 16
1686001634137 0.3397106086327271 17
1686001640294 0.358581080214318 18
1686001647823 0.34094218504756235 19
1686001655485 0.3467469407901676 20
1686001661530 0.3316400702901636 21
1686001668558 0.309359155200196 22
1686001675948 0.32941902296928066 23
1686001682430 0.3284728778243968 24
1686001689713 0.31024089447137987 25
1686001697333 0.3425807090984149 26
