1682419055558 0 0
1682419063145 1 1
1682419070802 2 2
1682419078243 3 3
1682419085433 4 4
1682419092913 5 5
1682419100279 6 6
1682419107561 7 7
1682419114663 8 8
1682419121865 9 9
1682419129438 10 10
1682419136723 11 11
1682419144122 12 12
1682419151531 13 13
1682419158969 14 14
1682419166006 15 15
1682419173042 16 16
1682419180497 17 17
1682419187871 18 18
1682419195024 19 19
1682419202428 20 20
1682419209709 21 21
1682419216981 22 22
1682419224469 23 23
1682419231485 24 24
1682419239028 25 25
1682419246782 26 26
1682419254199 27 27
1682419261468 28 28
1682419268767 29 29
