1683300794567 0.0 0
1683300799127 1.0 1
1683300803681 2.0 2
1683300808236 3.0 3
1683300812780 4.0 4
1683300817314 5.0 5
1683300821884 6.0 6
1683300826416 7.0 7
1683300830969 8.0 8
1683300835515 9.0 9
1683300840078 10.0 10
1683300844622 11.0 11
1683300849167 12.0 12
1683300853741 13.0 13
1683300858294 14.0 14
1683300862853 15.0 15
1683300867486 16.0 16
1683300872068 17.0 17
1683300876615 18.0 18
1683300881284 19.0 19
1683300885955 20.0 20
1683300890625 21.0 21
1683300895350 22.0 22
1683300900090 23.0 23
1683300904785 24.0 24
1683300909465 25.0 25
