1683300794548 0.8636310696601868 0
1683300799117 0.7098220586776733 1
1683300803671 0.6363301277160645 2
1683300808226 0.5883058309555054 3
1683300812770 0.673829197883606 4
1683300817303 0.5211586952209473 5
1683300821875 0.5734928250312805 6
1683300826406 0.5272473692893982 7
1683300830959 0.5340625643730164 8
1683300835504 0.5088964104652405 9
1683300840067 0.5041975378990173 10
1683300844612 0.5145025253295898 11
1683300849157 0.4330272078514099 12
1683300853732 0.45302361249923706 13
1683300858284 0.44341471791267395 14
1683300862844 0.4649658501148224 15
1683300867448 0.4260079860687256 16
1683300872057 0.4416358768939972 17
1683300876605 0.46103569865226746 18
1683300881255 0.4435010850429535 19
1683300885945 0.4266597032546997 20
1683300890615 0.4165124297142029 21
1683300895311 0.40557393431663513 22
1683300900066 0.42181193828582764 23
1683300904775 0.4044335186481476 24
1683300909455 0.42141181230545044 25
