1683300794548 0.7068503499031067 0
1683300799117 0.6428008675575256 1
1683300803671 0.5886189937591553 2
1683300808226 0.5708765983581543 3
1683300812770 0.621588945388794 4
1683300817303 0.5600499510765076 5
1683300821875 0.5716226100921631 6
1683300826406 0.5333046913146973 7
1683300830959 0.539435625076294 8
1683300835504 0.537894606590271 9
1683300840067 0.5127536654472351 10
1683300844612 0.5248190760612488 11
1683300849157 0.4910370707511902 12
1683300853732 0.49544575810432434 13
1683300858284 0.48378393054008484 14
1683300862844 0.5032367706298828 15
1683300867448 0.477946013212204 16
1683300872057 0.4769080877304077 17
1683300876605 0.5044565200805664 18
1683300881255 0.48276299238204956 19
1683300885945 0.4864647686481476 20
1683300890615 0.4662298858165741 21
1683300895311 0.46623367071151733 22
1683300900066 0.47033026814460754 23
1683300904775 0.47446393966674805 24
1683300909455 0.48928210139274597 25
