1683300794548 0.8636310381081068 0
1683300799117 0.7098220698464888 1
1683300803671 0.6363301113896975 2
1683300808226 0.5883059302401362 3
1683300812770 0.6738292516180964 4
1683300817303 0.5211587291436665 5
1683300821875 0.5734928193869013 6
1683300826406 0.5272473408981706 7
1683300830959 0.5340626010332595 8
1683300835504 0.5088964196655786 9
1683300840067 0.5041975419488595 10
1683300844612 0.514502570414069 11
1683300849157 0.433027161877941 12
1683300853732 0.45302360562014987 13
1683300858284 0.4434146861912626 14
1683300862844 0.4649658828804439 15
1683300867448 0.42600801620971074 16
1683300872057 0.4416358584015997 17
1683300876605 0.46103568960714975 18
1683300881255 0.4435011131731285 19
1683300885945 0.4266596765003421 20
1683300890615 0.4165124236464952 21
1683300895311 0.4055739203467965 22
1683300900066 0.4218119567288368 23
1683300904775 0.40443351585417986 24
1683300909455 0.42141183237121865 25
