1683300794548 -0.3543323640092308 0
1683300799117 -0.24484775165953573 1
1683300803671 0.09685472915308871 2
1683300808226 0.08497018428694113 3
1683300812770 -0.23358572817761214 4
1683300817303 -0.049980629986816384 5
1683300821875 0.046246396584440144 6
1683300826406 0.004929141051782384 7
1683300830959 0.185013896639788 8
1683300835504 0.17000893988572663 9
1683300840067 0.05989263308173041 10
1683300844612 0.02341579391980013 11
1683300849157 0.006095738341223227 12
1683300853732 0.2367125890331462 13
1683300858284 0.38369276177039197 14
1683300862844 0.10673957960806335 15
1683300867448 0.14716651653337817 16
1683300872057 0.26042514010775447 17
1683300876605 -0.5567649152100703 18
1683300881255 0.27080615993985285 19
1683300885945 0.3136935950027692 20
1683300890615 0.17744062890674417 21
1683300895311 0.24744414741082787 22
1683300900066 0.33160637624609357 23
1683300904775 0.30313831537524727 24
1683300909455 0.010525581395743807 25
