1682418756932 0 0
1682418761076 1 1
1682418765176 2 2
1682418769222 3 3
1682418773351 4 4
1682418777930 5 5
1682418782525 6 6
1682418787164 7 7
1682418791714 8 8
1682418796900 9 9
1682418802503 10 10
1682418807988 11 11
1682418813402 12 12
1682418819652 13 13
1682418826842 14 14
1682418833910 15 15
1682418841135 16 16
1682418848362 17 17
1682418855288 18 18
1682418862542 19 19
1682418869504 20 20
1682418876532 21 21
1682418883945 22 22
1682418891210 23 23
1682418898363 24 24
1682418905605 25 25
1682418912964 26 26
1682418920286 27 27
1682418927638 28 28
1682418934756 29 29
