1683297048652 0.0 0
1683297051976 1.0 1
1683297055290 2.0 2
1683297058583 3.0 3
1683297061873 4.0 4
1683297065168 5.0 5
1683297068449 6.0 6
1683297071744 7.0 7
1683297075023 8.0 8
1683297078294 9.0 9
1683297081570 10.0 10
1683297084883 11.0 11
1683297088152 12.0 12
1683297091440 13.0 13
1683297094731 14.0 14
1683297098006 15.0 15
1683297101291 16.0 16
1683297104653 17.0 17
1683297107992 18.0 18
1683297111323 19.0 19
1683297114653 20.0 20
1683297117979 21.0 21
1683297121268 22.0 22
1683297124540 23.0 23
1683297127827 24.0 24
1683297131114 25.0 25
1683297134421 26.0 26
1683297137710 27.0 27
1683297140988 28.0 28
1683297144269 29.0 29
