1683300652283 0.0 0
1683300656821 1.0 1
1683300661352 2.0 2
1683300665971 3.0 3
1683300670514 4.0 4
1683300675052 5.0 5
1683300679597 6.0 6
1683300684141 7.0 7
1683300688669 8.0 8
1683300693266 9.0 9
1683300697829 10.0 10
1683300702363 11.0 11
1683300706920 12.0 12
1683300711466 13.0 13
1683300716013 14.0 14
1683300720528 15.0 15
1683300725068 16.0 16
1683300729618 17.0 17
1683300734139 18.0 18
1683300738721 19.0 19
1683300743308 20.0 20
1683300747880 21.0 21
1683300752489 22.0 22
1683300757085 23.0 23
1683300761618 24.0 24
1683300766144 25.0 25
1683300770755 26.0 26
1683300775356 27.0 27
1683300779887 28.0 28
