1683300652261 0.7714858664425485 0
1683300656811 0.6562129237378637 1
1683300661342 0.6180021266142527 2
1683300665922 0.6141917583899517 3
1683300670504 0.6132496670452934 4
1683300675043 0.5240483773364262 5
1683300679587 0.5226188451051712 6
1683300684131 0.49446222513462557 7
1683300688659 0.4978778952676238 8
1683300693230 0.5341923221889319 9
1683300697819 0.4498161711645397 10
1683300702354 0.4650440617379817 11
1683300706909 0.4927922512517508 12
1683300711457 0.4482092834501104 13
1683300716003 0.4531960812764186 14
1683300720519 0.466009778252831 15
1683300725057 0.43540858160563267 16
1683300729608 0.3863868841506315 17
1683300734129 0.43503959708367335 18
1683300738690 0.4251324287474607 19
1683300743297 0.3997462046981761 20
1683300747870 0.44299764275748393 21
1683300752460 0.391958190184651 22
1683300757075 0.37987249965469044 23
1683300761606 0.3677192447057953 24
1683300766134 0.38561340525859233 25
1683300770717 0.3571908707504697 26
1683300775346 0.3836559108599569 27
1683300779878 0.3753472479540064 28
