1683300652261 -0.4149375953401168 0
1683300656811 -0.1317799313746384 1
1683300661342 -0.4986293767190075 2
1683300665922 -0.08345934790336641 3
1683300670504 -0.13206934471026094 4
1683300675043 0.027153800437284686 5
1683300679587 0.039320734677969635 6
1683300684131 0.06285506500734712 7
1683300688659 -0.07141210313488562 8
1683300693230 0.12710542306572487 9
1683300697819 0.2703358429400489 10
1683300702354 0.15721631411951625 11
1683300706909 -0.7389597641653431 12
1683300711457 0.14955025991664533 13
1683300716003 0.1620418454727726 14
1683300720519 0.0992359408745165 15
1683300725057 0.13312376705635243 16
1683300729608 -0.1831165429849002 17
1683300734129 0.18026496881367296 18
1683300738690 0.25028311577173135 19
1683300743297 0.24562810184307415 20
1683300747870 0.1145325242113659 21
1683300752460 0.3252724096599513 22
1683300757075 0.11754728151096004 23
1683300761606 -0.6676910809819221 24
1683300766134 -0.03861608234293043 25
1683300770717 0.31438396706606225 26
1683300775346 0.009166314270473019 27
1683300779878 0.32336910919774664 28
