1683300652261 0.7714857459068298 0
1683300656811 0.6562128663063049 1
1683300661342 0.6180021166801453 2
1683300665922 0.6141917705535889 3
1683300670504 0.6132497191429138 4
1683300675043 0.5240483283996582 5
1683300679587 0.52261883020401 6
1683300684131 0.4944622218608856 7
1683300688659 0.4978778660297394 8
1683300693230 0.5341922640800476 9
1683300697819 0.44981616735458374 10
1683300702354 0.4650440514087677 11
1683300706909 0.4927923083305359 12
1683300711457 0.4482092559337616 13
1683300716003 0.45319604873657227 14
1683300720519 0.4660097062587738 15
1683300725057 0.4354085624217987 16
1683300729608 0.3863868713378906 17
1683300734129 0.43503960967063904 18
1683300738690 0.4251323938369751 19
1683300743297 0.39974620938301086 20
1683300747870 0.44299763441085815 21
1683300752460 0.39195817708969116 22
1683300757075 0.37987253069877625 23
1683300761606 0.36771923303604126 24
1683300766134 0.385613352060318 25
1683300770717 0.3571908473968506 26
1683300775346 0.3836559057235718 27
1683300779878 0.37534722685813904 28
