1683300652261 0.6835172176361084 0
1683300656811 0.6195827722549438 1
1683300661342 0.5906801223754883 2
1683300665922 0.5965008735656738 3
1683300670504 0.5914034247398376 4
1683300675043 0.5346042513847351 5
1683300679587 0.5422258973121643 6
1683300684131 0.5265045166015625 7
1683300688659 0.5394664406776428 8
1683300693230 0.5413320064544678 9
1683300697819 0.49616456031799316 10
1683300702354 0.5130282044410706 11
1683300706909 0.5343888998031616 12
1683300711457 0.5045586824417114 13
1683300716003 0.5009698867797852 14
1683300720519 0.5061663389205933 15
1683300725057 0.49925243854522705 16
1683300729608 0.4770236015319824 17
1683300734129 0.48429661989212036 18
1683300738690 0.4957512319087982 19
1683300743297 0.47429195046424866 20
1683300747870 0.49483633041381836 21
1683300752460 0.4590565860271454 22
1683300757075 0.46265676617622375 23
1683300761606 0.46134570240974426 24
1683300766134 0.4676189422607422 25
1683300770717 0.45012781023979187 26
1683300775346 0.4643990993499756 27
1683300779878 0.4505714178085327 28
