1683298473114 0.0 0
1683298476557 1.0 1
1683298479987 2.0 2
1683298483403 3.0 3
1683298486829 4.0 4
1683298490257 5.0 5
1683298493737 6.0 6
1683298497150 7.0 7
1683298500585 8.0 8
1683298504079 9.0 9
1683298507573 10.0 10
1683298511051 11.0 11
1683298514481 12.0 12
1683298517929 13.0 13
1683298521372 14.0 14
1683298524822 15.0 15
1683298528250 16.0 16
1683298531670 17.0 17
1683298535132 18.0 18
1683298538601 19.0 19
1683298542035 20.0 20
1683298545405 21.0 21
1683298548783 22.0 22
1683298552154 23.0 23
1683298555596 24.0 24
1683298558981 25.0 25
1683298562369 26.0 26
1683298565744 27.0 27
1683298569149 28.0 28
1683298572541 29.0 29
