1683296505633 0.0 0
1683296508922 1.0 1
1683296512226 2.0 2
1683296515529 3.0 3
1683296518872 4.0 4
1683296522217 5.0 5
1683296525522 6.0 6
1683296528846 7.0 7
1683296532225 8.0 8
1683296535584 9.0 9
1683296538882 10.0 10
1683296542226 11.0 11
1683296545546 12.0 12
1683296548853 13.0 13
1683296552206 14.0 14
1683296555579 15.0 15
1683296558907 16.0 16
1683296562234 17.0 17
1683296565636 18.0 18
1683296569012 19.0 19
1683296572332 20.0 20
1683296575668 21.0 21
1683296578964 22.0 22
1683296582287 23.0 23
1683296585645 24.0 24
1683296589022 25.0 25
