1683296505612 0.7244004011154175 0
1683296508912 0.6026358604431152 1
1683296512216 0.5682542324066162 2
1683296515518 0.5337910056114197 3
1683296518845 0.5184617638587952 4
1683296522206 0.47888582944869995 5
1683296525513 0.48114070296287537 6
1683296528835 0.4708007574081421 7
1683296532191 0.4784683883190155 8
1683296535574 0.4500073492527008 9
1683296538871 0.4386204481124878 10
1683296542206 0.4380318820476532 11
1683296545537 0.41873103380203247 12
1683296548843 0.4306085407733917 13
1683296552186 0.42244112491607666 14
1683296555569 0.40956488251686096 15
1683296558897 0.3960554897785187 16
1683296562223 0.403255820274353 17
1683296565600 0.3966772258281708 18
1683296569002 0.38860443234443665 19
1683296572322 0.36883944272994995 20
1683296575657 0.359981507062912 21
1683296578953 0.3817564845085144 22
1683296582277 0.36024948954582214 23
1683296585634 0.36981382966041565 24
1683296588988 0.3622046113014221 25
