1683296505612 -0.01655261593199023 0
1683296508912 0.35808640252908125 1
1683296512216 0.3904368358741731 2
1683296515518 0.45967428305297703 3
1683296518845 0.44890892058821663 4
1683296522206 0.5453581079363553 5
1683296525513 0.5529055575589733 6
1683296528835 0.5718734561574881 7
1683296532191 0.5546106700123739 8
1683296535574 0.5498289336653172 9
1683296538871 0.6002123896167537 10
1683296542206 0.6164871969718051 11
1683296545537 0.658699516575804 12
1683296548843 0.651740431034779 13
1683296552186 0.6855404763997733 14
1683296555569 0.6767465934375503 15
1683296558897 0.6957832967770717 16
1683296562223 0.686391342744251 17
1683296565600 0.6697546024128685 18
1683296569002 0.7144658263297069 19
1683296572322 0.7138711503909854 20
1683296575657 0.7255879546500625 21
1683296578953 0.7224923303197017 22
1683296582277 0.7487769094739293 23
1683296585634 0.7111467593488954 24
1683296588988 0.7380518171827553 25
