1683296505612 0.8761317682537165 0
1683296508912 0.6250694085928526 1
1683296512216 0.5557162104682489 2
1683296515518 0.5057943087409843 3
1683296518845 0.4970124770294536 4
1683296522206 0.42470781911503186 5
1683296525513 0.4382971010424874 6
1683296528835 0.4255910978059877 7
1683296532191 0.4183730266310952 8
1683296535574 0.39468522335995326 9
1683296538871 0.35221336815844884 10
1683296542206 0.3638347656550733 11
1683296545537 0.3212665163657882 12
1683296548843 0.3319758779623292 13
1683296552186 0.31768783063373784 14
1683296555569 0.31001334298740735 15
1683296558897 0.2727777888490395 16
1683296562223 0.31105751578103413 17
1683296565600 0.30137663012878463 18
1683296569002 0.2900316931984641 19
1683296572322 0.24742362334985624 20
1683296575657 0.2570863381366838 21
1683296578953 0.2559626063501293 22
1683296582277 0.22900867462158203 23
1683296585634 0.24851238846101545 24
1683296588988 0.2360800268467177 25
