1683296505612 0.8761318325996399 0
1683296508912 0.6250693202018738 1
1683296512216 0.5557161569595337 2
1683296515518 0.5057942867279053 3
1683296518845 0.4970124065876007 4
1683296522206 0.4247078597545624 5
1683296525513 0.4382971525192261 6
1683296528835 0.4255910813808441 7
1683296532191 0.4183730185031891 8
1683296535574 0.39468517899513245 9
1683296538871 0.35221338272094727 10
1683296542206 0.3638347387313843 11
1683296545537 0.3212665021419525 12
1683296548843 0.33197587728500366 13
1683296552186 0.3176877796649933 14
1683296555569 0.3100133240222931 15
1683296558897 0.2727777659893036 16
1683296562223 0.311057448387146 17
1683296565600 0.301376610994339 18
1683296569002 0.29003167152404785 19
1683296572322 0.24742360413074493 20
1683296575657 0.25708630681037903 21
1683296578953 0.2559625804424286 22
1683296582277 0.22900865972042084 23
1683296585634 0.248512402176857 24
1683296588988 0.23607999086380005 25
