1683300379389 0.0 0
1683300383948 1.0 1
1683300388514 2.0 2
1683300393045 3.0 3
1683300397609 4.0 4
1683300402162 5.0 5
1683300406704 6.0 6
1683300411296 7.0 7
1683300415862 8.0 8
1683300420422 9.0 9
1683300425015 10.0 10
1683300429602 11.0 11
1683300434158 12.0 12
1683300438710 13.0 13
1683300443291 14.0 14
1683300447807 15.0 15
1683300452298 16.0 16
1683300456805 17.0 17
1683300461456 18.0 18
1683300466092 19.0 19
1683300470746 20.0 20
1683300475386 21.0 21
1683300480042 22.0 22
1683300484687 23.0 23
1683300489356 24.0 24
1683300494003 25.0 25
1683300498645 26.0 26
