1683300379369 0.798990913074125 0
1683300383939 0.7055619018095912 1
1683300388504 0.6809386448991118 2
1683300393034 0.7091228594777711 3
1683300397597 0.6121437664030853 4
1683300402152 0.5870622355124038 5
1683300406694 0.5672553879999076 6
1683300411276 0.5304992930173422 7
1683300415852 0.5392053040647597 8
1683300420412 0.542401120680469 9
1683300424971 0.48599772339432756 10
1683300429592 0.4733920444127624 11
1683300434147 0.4733310529369522 12
1683300438699 0.4537044212109212 13
1683300443267 0.4381298363406324 14
1683300447797 0.495570514224131 15
1683300452289 0.4664254011868527 16
1683300456791 0.4519618601030247 17
1683300461446 0.4417825653358842 18
1683300466082 0.429817244904398 19
1683300470717 0.4172582629729401 20
1683300475375 0.4138190438547595 21
1683300480030 0.45023698323039396 22
1683300484677 0.4354355147559986 23
1683300489344 0.44529435507050064 24
1683300493993 0.39456939544867387 25
1683300498635 0.3786029337171578 26
