1683300379369 -0.11332414466894325 0
1683300383939 -0.5272609391666103 1
1683300388504 0.03493136397109085 2
1683300393034 -0.3285724321217182 3
1683300397597 0.009631497762951058 4
1683300402152 -0.42082692879649675 5
1683300406694 -0.37254864352605654 6
1683300411276 0.22016097751945782 7
1683300415852 -0.2004593682403157 8
1683300420412 -0.0764646920924207 9
1683300424971 0.03988342706326972 10
1683300429592 0.16434999743210776 11
1683300434147 0.030489667808327677 12
1683300438699 0.2702305851554664 13
1683300443267 0.26017575920947683 14
1683300447797 -0.004868281725623719 15
1683300452289 0.05390574569065126 16
1683300456791 0.1834433435274505 17
1683300461446 0.4363355399721682 18
1683300466082 0.2950575336241337 19
1683300470717 0.17188253726924355 20
1683300475375 0.22880374523847224 21
1683300480030 -0.25000457110616175 22
1683300484677 -0.09339385443224114 23
1683300489344 0.13615877730872056 24
1683300493993 -0.3086022732748342 25
1683300498635 0.35913587049060286 26
