1683300379369 0.7989909052848816 0
1683300383939 0.7055618762969971 1
1683300388504 0.680938720703125 2
1683300393034 0.7091228365898132 3
1683300397597 0.6121437549591064 4
1683300402152 0.5870622396469116 5
1683300406694 0.567255437374115 6
1683300411276 0.530499279499054 7
1683300415852 0.5392053127288818 8
1683300420412 0.5424010753631592 9
1683300424971 0.48599773645401 10
1683300429592 0.4733920097351074 11
1683300434147 0.4733310341835022 12
1683300438699 0.4537044167518616 13
1683300443267 0.43812984228134155 14
1683300447797 0.495570570230484 15
1683300452289 0.46642541885375977 16
1683300456791 0.451961874961853 17
1683300461446 0.44178253412246704 18
1683300466082 0.429817259311676 19
1683300470717 0.41725823283195496 20
1683300475375 0.41381901502609253 21
1683300480030 0.450236976146698 22
1683300484677 0.4354355037212372 23
1683300489344 0.4452943503856659 24
1683300493993 0.39456939697265625 25
1683300498635 0.37860292196273804 26
