1683300379369 0.6762518286705017 0
1683300383939 0.6371136903762817 1
1683300388504 0.6089658737182617 2
1683300393034 0.6285485029220581 3
1683300397597 0.5788393020629883 4
1683300402152 0.5736989378929138 5
1683300406694 0.569915771484375 6
1683300411276 0.5332247018814087 7
1683300415852 0.5434446334838867 8
1683300420412 0.5406999588012695 9
1683300424971 0.5205786824226379 10
1683300429592 0.5110524296760559 11
1683300434147 0.49357083439826965 12
1683300438699 0.4918513298034668 13
1683300443267 0.49346888065338135 14
1683300447797 0.5205400586128235 15
1683300452289 0.515660285949707 16
1683300456791 0.49991244077682495 17
1683300461446 0.48851191997528076 18
1683300466082 0.48916950821876526 19
1683300470717 0.4807034134864807 20
1683300475375 0.4770149886608124 21
1683300480030 0.5028018951416016 22
1683300484677 0.48112791776657104 23
1683300489344 0.49419477581977844 24
1683300493993 0.46038952469825745 25
1683300498635 0.4629567563533783 26
