1683297153806 0.0 0
1683297157071 1.0 1
1683297160343 2.0 2
1683297163627 3.0 3
1683297166914 4.0 4
1683297170193 5.0 5
1683297173470 6.0 6
1683297176791 7.0 7
1683297180241 8.0 8
1683297183605 9.0 9
1683297186888 10.0 10
1683297190236 11.0 11
1683297193486 12.0 12
1683297196782 13.0 13
1683297200107 14.0 14
1683297203429 15.0 15
1683297206712 16.0 16
1683297210012 17.0 17
1683297213342 18.0 18
1683297216689 19.0 19
1683297219983 20.0 20
1683297223264 21.0 21
1683297226580 22.0 22
1683297229892 23.0 23
1683297233173 24.0 24
1683297236469 25.0 25
1683297239783 26.0 26
1683297243094 27.0 27
1683297246408 28.0 28
1683297249715 29.0 29
