1683299704004 0.0 0
1683299706884 1.0 1
1683299709730 2.0 2
1683299712562 3.0 3
1683299715410 4.0 4
1683299718278 5.0 5
1683299721117 6.0 6
1683299723955 7.0 7
1683299726812 8.0 8
1683299729649 9.0 9
1683299732507 10.0 10
1683299735376 11.0 11
1683299740162 12.0 12
1683299743080 13.0 13
1683299745969 14.0 14
1683299748916 15.0 15
1683299751819 16.0 16
1683299754713 17.0 17
1683299757613 18.0 18
1683299760494 19.0 19
1683299763430 20.0 20
1683299766367 21.0 21
1683299769262 22.0 22
1683299772087 23.0 23
1683299774915 24.0 24
1683299777764 25.0 25
