1683299703928 0.20024218888740972 0
1683299706873 0.4375487925272069 1
1683299709720 0.5153293145335877 2
1683299712552 0.4970784221963439 3
1683299715400 0.5727750901461792 4
1683299718268 0.620997815106926 5
1683299721108 0.6362199614171355 6
1683299723944 0.6286790062530089 7
1683299726801 0.6826337224036345 8
1683299729639 0.6790004572782926 9
1683299732496 0.7454021765049995 10
1683299735366 0.7091414612546405 11
1683299739703 0.7575717265288413 12
1683299743069 0.7105466173512544 13
1683299745960 0.7535681000926806 14
1683299748880 0.7338867209626615 15
1683299751808 0.7512141920545531 16
1683299754704 0.7454572461581093 17
1683299757603 0.7889693688620181 18
1683299760484 0.8187134650799883 19
1683299763394 0.8049902170777715 20
1683299766357 0.8074450052015295 21
1683299769251 0.7946775882095476 22
1683299772077 0.7906936463122507 23
1683299774905 0.8028937805720864 24
1683299777753 0.7897033367388915 25
