1683299703928 0.7012928128242493 0
1683299706873 0.5561924576759338 1
1683299709720 0.5200710892677307 2
1683299712552 0.5251997709274292 3
1683299715400 0.4848482012748718 4
1683299718268 0.45103639364242554 5
1683299721108 0.43955880403518677 6
1683299723944 0.46298596262931824 7
1683299726801 0.42861494421958923 8
1683299729639 0.4183835983276367 9
1683299732496 0.3673393726348877 10
1683299735366 0.3913370966911316 11
1683299739703 0.36914587020874023 12
1683299743069 0.38817426562309265 13
1683299745960 0.3797800540924072 14
1683299748880 0.37968912720680237 15
1683299751808 0.367502361536026 16
1683299754704 0.37741613388061523 17
1683299757603 0.34306541085243225 18
1683299760484 0.3203614056110382 19
1683299763394 0.33082878589630127 20
1683299766357 0.32647499442100525 21
1683299769251 0.3335118591785431 22
1683299772077 0.33467593789100647 23
1683299774905 0.3218070864677429 24
1683299777753 0.3366774916648865 25
