1683299703928 0.8124794960021973 0
1683299706873 0.5418855547904968 1
1683299709720 0.49442335963249207 2
1683299712552 0.49287331104278564 3
1683299715400 0.4587208330631256 4
1683299718268 0.3656226694583893 5
1683299721108 0.34138473868370056 6
1683299723944 0.37729841470718384 7
1683299726801 0.3043600022792816 8
1683299729639 0.31475380063056946 9
1683299732496 0.25370222330093384 10
1683299735366 0.2978554368019104 11
1683299739703 0.2472720444202423 12
1683299743069 0.2776699662208557 13
1683299745960 0.25056153535842896 14
1683299748880 0.2479700744152069 15
1683299751808 0.24160800874233246 16
1683299754704 0.25541815161705017 17
1683299757603 0.2083141803741455 18
1683299760484 0.16916798055171967 19
1683299763394 0.19117708504199982 20
1683299766357 0.18709219992160797 21
1683299769251 0.19036400318145752 22
1683299772077 0.20570851862430573 23
1683299774905 0.18949508666992188 24
1683299777753 0.20022904872894287 25
