1683299703928 0.8124795275575974 0
1683299706873 0.5418855793335858 1
1683299709720 0.49442338768173666 2
1683299712552 0.49287335486973033 3
1683299715400 0.45872082692735333 4
1683299718268 0.3656226703349282 5
1683299721108 0.34138473956023946 6
1683299723944 0.37729841733680053 7
1683299726801 0.3043599777361926 8
1683299729639 0.31475383393904743 9
1683299732496 0.2537022377638256 10
1683299735366 0.2978554297895992 11
1683299739703 0.24727203740793116 12
1683299743069 0.2776699657825863 13
1683299745960 0.25056155595709295 14
1683299748880 0.2479700752917458 15
1683299751808 0.2416080148781047 16
1683299754704 0.25541815862936135 17
1683299757603 0.2083141812506844 18
1683299760484 0.16916796433575013 19
1683299763394 0.19117710038143046 20
1683299766357 0.1870922235881581 21
1683299769251 0.19036399047164357 22
1683299772077 0.20570853089585023 23
1683299774905 0.18949507527491627 24
1683299777753 0.20022905793260126 25
