1683298936859 0.0 0
1683298940115 1.0 1
1683298943349 2.0 2
1683298946611 3.0 3
1683298949894 4.0 4
1683298953111 5.0 5
1683298956381 6.0 6
1683298959648 7.0 7
1683298962911 8.0 8
1683298966184 9.0 9
1683298969443 10.0 10
1683298972688 11.0 11
1683298975934 12.0 12
1683298979218 13.0 13
1683298982467 14.0 14
1683298985698 15.0 15
1683298988950 16.0 16
1683298992210 17.0 17
1683298995460 18.0 18
1683298998671 19.0 19
1683299003876 20.0 20
1683299007105 21.0 21
1683299010336 22.0 22
1683299013558 23.0 23
1683299016758 24.0 24
1683299019992 25.0 25
