1683298936842 0.6751854419708252 0
1683298940107 0.6021849513053894 1
1683298943343 0.5522617697715759 2
1683298946597 0.5524618625640869 3
1683298949886 0.515011727809906 4
1683298953104 0.5021585822105408 5
1683298956374 0.49591967463493347 6
1683298959641 0.47917887568473816 7
1683298962901 0.4937865436077118 8
1683298966177 0.469210147857666 9
1683298969436 0.4573191702365875 10
1683298972680 0.4295944273471832 11
1683298975927 0.4259198009967804 12
1683298979208 0.4137851595878601 13
1683298982460 0.42976081371307373 14
1683298985691 0.4168245196342468 15
1683298988943 0.4193164110183716 16
1683298992186 0.40825363993644714 17
1683298995453 0.3798520863056183 18
1683298998664 0.3913387358188629 19
1683299001831 0.391568660736084 20
1683299007098 0.3570653200149536 21
1683299010302 0.39694344997406006 22
1683299013550 0.3829232454299927 23
1683299016751 0.3720616102218628 24
1683299019985 0.3639354705810547 25
