1683298936842 0.15795097355279683 0
1683298940107 0.3460721189233105 1
1683298943343 0.43254655284993615 2
1683298946597 0.4257686952138476 3
1683298949886 0.516033989061096 4
1683298953104 0.49177888849793694 5
1683298956374 0.5351443203303679 6
1683298959641 0.5632157708767704 7
1683298962901 0.5415600580529549 8
1683298966177 0.5556978625602765 9
1683298969436 0.5945681601482181 10
1683298972680 0.6686646002348307 11
1683298975927 0.6451832809340661 12
1683298979208 0.6647394421956322 13
1683298982460 0.6406393384715664 14
1683298985691 0.656428874976078 15
1683298988943 0.6423817173439184 16
1683298992186 0.6716929747686599 17
1683298995453 0.7334313988160354 18
1683298998664 0.6782808547396689 19
1683299001831 0.6779175438343267 20
1683299007098 0.7625643800305183 21
1683299010302 0.6752417792166351 22
1683299013550 0.7176743254343975 23
1683299016751 0.7331090032434271 24
1683299019985 0.681832304021103 25
