1683298936842 0.8120934963226318 0
1683298940107 0.6383148431777954 1
1683298943343 0.5439290404319763 2
1683298946597 0.5423503518104553 3
1683298949886 0.49077507853507996 4
1683298953104 0.46164512634277344 5
1683298956374 0.48188769817352295 6
1683298959641 0.428818017244339 7
1683298962901 0.44804060459136963 8
1683298966177 0.4027338922023773 9
1683298969436 0.3761083483695984 10
1683298972680 0.32931768894195557 11
1683298975927 0.3110114336013794 12
1683298979208 0.3363093137741089 13
1683298982460 0.35584574937820435 14
1683298985691 0.32518652081489563 15
1683298988943 0.31401515007019043 16
1683298992186 0.30610382556915283 17
1683298995453 0.24689863622188568 18
1683298998664 0.2775338292121887 19
1683299001831 0.268898069858551 20
1683299007098 0.21554875373840332 21
1683299010302 0.26886478066444397 22
1683299013550 0.2587537467479706 23
1683299016751 0.24729643762111664 24
1683299019985 0.23355816304683685 25
