1683298936842 0.8120935356075113 0
1683298940107 0.6383148662068627 1
1683298943343 0.5439290759915655 2
1683298946597 0.5423503409732472 3
1683298949886 0.49077513780106197 4
1683298953104 0.4616451192308556 5
1683298956374 0.4818876978348602 6
1683298959641 0.4288180368867787 7
1683298962901 0.44804064387624915 8
1683298966177 0.40273388898508117 9
1683298969436 0.37610836225477134 10
1683298972680 0.3293177033351226 11
1683298975927 0.3110114569691094 12
1683298979208 0.336309359154918 13
1683298982460 0.35584574683823367 14
1683298985691 0.32518652674149384 15
1683298988943 0.3140151490542022 16
1683298992186 0.30610383742234926 17
1683298995453 0.2468986487524076 18
1683298998664 0.2775338652797721 19
1683299001831 0.2688980737531727 20
1683299007098 0.21554876762357625 21
1683299010302 0.2688648162240332 22
1683299013550 0.25875373574143107 23
1683299016751 0.2472964504903013 24
1683299019985 0.2335581569509073 25
