1683299220521 0.0 0
1683299223766 1.0 1
1683299227056 2.0 2
1683299230335 3.0 3
1683299233573 4.0 4
1683299236823 5.0 5
1683299240061 6.0 6
1683299243291 7.0 7
1683299246580 8.0 8
1683299249836 9.0 9
1683299253068 10.0 10
1683299256295 11.0 11
1683299259574 12.0 12
1683299262842 13.0 13
1683299266078 14.0 14
1683299269323 15.0 15
1683299272552 16.0 16
1683299275797 17.0 17
1683299279012 18.0 18
1683299282204 19.0 19
1683299285359 20.0 20
1683299288522 21.0 21
1683299291724 22.0 22
1683299294920 23.0 23
1683299298089 24.0 24
1683299301261 25.0 25
