1683299220502 0.7054141759872437 0
1683299223759 0.6534832715988159 1
1683299227023 0.5842822790145874 2
1683299230329 0.5287442207336426 3
1683299233566 0.532602846622467 4
1683299236815 0.4940052926540375 5
1683299240054 0.5126271843910217 6
1683299243284 0.42329704761505127 7
1683299246555 0.44939717650413513 8
1683299249828 0.4392475187778473 9
1683299253061 0.40892478823661804 10
1683299256288 0.41672226786613464 11
1683299259556 0.3555140197277069 12
1683299262835 0.35229313373565674 13
1683299266071 0.3460981845855713 14
1683299269316 0.3402601480484009 15
1683299272545 0.2812792658805847 16
1683299275767 0.30906227231025696 17
1683299278994 0.3154173791408539 18
1683299282197 0.24910007417201996 19
1683299285353 0.27294906973838806 20
1683299288514 0.26814430952072144 21
1683299291700 0.2781858444213867 22
1683299294905 0.23282629251480103 23
1683299298082 0.2669511139392853 24
1683299301253 0.23149524629116058 25
