1683299220502 0.6481221914291382 0
1683299223759 0.6023547649383545 1
1683299227023 0.5754925012588501 2
1683299230329 0.5521588325500488 3
1683299233566 0.5375624299049377 4
1683299236815 0.5231991410255432 5
1683299240054 0.5214966535568237 6
1683299243284 0.4677509069442749 7
1683299246555 0.494517982006073 8
1683299249828 0.49715253710746765 9
1683299253061 0.46342089772224426 10
1683299256288 0.4722776710987091 11
1683299259556 0.430385559797287 12
1683299262835 0.4319629371166229 13
1683299266071 0.42419421672821045 14
1683299269316 0.43306463956832886 15
1683299272545 0.3886432945728302 16
1683299275767 0.4032309353351593 17
1683299278994 0.4066900312900543 18
1683299282197 0.3736495077610016 19
1683299285353 0.38738852739334106 20
1683299288514 0.3809718191623688 21
1683299291700 0.38734105229377747 22
1683299294905 0.35401129722595215 23
1683299298082 0.3642754554748535 24
1683299301253 0.3700164556503296 25
