1683299220502 0.7054141661660238 0
1683299223759 0.6534833599897948 1
1683299227023 0.5842823338779536 2
1683299230329 0.5287442185323347 3
1683299233566 0.532602932812138 4
1683299236815 0.49400526962497016 5
1683299240054 0.5126271733844822 6
1683299243284 0.4232970660721714 7
1683299246555 0.4493972019038417 8
1683299249828 0.43924757838249207 9
1683299253061 0.40892482379620726 10
1683299256288 0.4167222444984046 11
1683299259556 0.3555140408941291 12
1683299262835 0.35229314931414346 13
1683299266071 0.3460982237011194 14
1683299269316 0.34026015109636565 15
1683299272545 0.2812793056734584 16
1683299275767 0.3090622919526967 17
1683299278994 0.31541739065538754 18
1683299282197 0.24910007772797887 19
1683299285353 0.2729490704157136 20
1683299288514 0.26814433661374176 21
1683299291700 0.2781858828596093 22
1683299294905 0.23282628887417642 23
1683299298082 0.2669511219825257 24
1683299301253 0.2314952601763335 25
