1683299220502 0.21846945828348538 0
1683299223759 0.33530463503494806 1
1683299227023 0.38042856607768455 2
1683299230329 0.4282314560533106 3
1683299233566 0.3904443579400365 4
1683299236815 0.4789222549005228 5
1683299240054 0.44391670576889053 6
1683299243284 0.5718265769034198 7
1683299246555 0.5192781290223678 8
1683299249828 0.48635481516387286 9
1683299253061 0.5657457232544462 10
1683299256288 0.5643180428863234 11
1683299259556 0.6138286501915693 12
1683299262835 0.6163681759233883 13
1683299266071 0.6649032211461897 14
1683299269316 0.6492710712465155 15
1683299272545 0.6715286085410296 16
1683299275767 0.687994449619646 17
1683299278994 0.6619179394873316 18
1683299282197 0.7246356893629358 19
1683299285353 0.7002672520991621 20
1683299288514 0.6926540887256304 21
1683299291700 0.7111481087007726 22
1683299294905 0.7545629279840047 23
1683299298082 0.7260593244499136 24
1683299301253 0.7361668549604989 25
