1683299313403 0.0 0
1683299316603 1.0 1
1683299319796 2.0 2
1683299322995 3.0 3
1683299326228 4.0 4
1683299329460 5.0 5
1683299332655 6.0 6
1683299335848 7.0 7
1683299339108 8.0 8
1683299342384 9.0 9
1683299345616 10.0 10
1683299348848 11.0 11
1683299352094 12.0 12
1683299355347 13.0 13
1683299358605 14.0 14
1683299361850 15.0 15
1683299365068 16.0 16
1683299368303 17.0 17
1683299371569 18.0 18
1683299374822 19.0 19
1683299378051 20.0 20
1683299381275 21.0 21
1683299384488 22.0 22
1683299387740 23.0 23
1683299390992 24.0 24
1683299394232 25.0 25
