1683299313386 0.24895659700788092 0
1683299316596 0.32957519992022893 1
1683299319789 0.45793156210134145 2
1683299322988 0.5043970064905501 3
1683299326210 0.5269814511528104 4
1683299329452 0.5302976314052389 5
1683299332648 0.5870796378518753 6
1683299335841 0.5214182959629913 7
1683299339083 0.5646876116397325 8
1683299342377 0.6012910627330051 9
1683299345609 0.5548851024063249 10
1683299348841 0.6141322688100582 11
1683299352087 0.6587188581236879 12
1683299355335 0.6197233520405968 13
1683299358598 0.6809579830293359 14
1683299361843 0.6637380425662048 15
1683299365061 0.6796195249866526 16
1683299368293 0.7189173681305724 17
1683299371551 0.7106463207844566 18
1683299374815 0.7396862801629392 19
1683299378044 0.7369232389881604 20
1683299381268 0.7487492812324154 21
1683299384481 0.7627296796893056 22
1683299387720 0.7194802526909648 23
1683299390985 0.7134329053998534 24
1683299394225 0.7641140980339436 25
