1683299313386 0.6119920015335083 0
1683299316596 0.5739589929580688 1
1683299319789 0.528344988822937 2
1683299322988 0.514605700969696 3
1683299326210 0.4962634742259979 4
1683299329452 0.4701056480407715 5
1683299332648 0.46368253231048584 6
1683299335841 0.46681860089302063 7
1683299339083 0.4583747684955597 8
1683299342377 0.4438568353652954 9
1683299345609 0.4475412368774414 10
1683299348841 0.4242401421070099 11
1683299352087 0.40221741795539856 12
1683299355335 0.42195603251457214 13
1683299358598 0.3945353627204895 14
1683299361843 0.3973712623119354 15
1683299365061 0.3878757357597351 16
1683299368293 0.3813026547431946 17
1683299371551 0.384542852640152 18
1683299374815 0.3548237979412079 19
1683299378044 0.3558676540851593 20
1683299381268 0.36046621203422546 21
1683299384481 0.346442848443985 22
1683299387720 0.37061941623687744 23
1683299390985 0.36659005284309387 24
1683299394225 0.3500557839870453 25
