1683299313386 0.652823269367218 0
1683299316596 0.6098670363426208 1
1683299319789 0.4911702275276184 2
1683299322988 0.45458126068115234 3
1683299326210 0.43151989579200745 4
1683299329452 0.4047497808933258 5
1683299332648 0.37960755825042725 6
1683299335841 0.3807812035083771 7
1683299339083 0.38649800419807434 8
1683299342377 0.35044756531715393 9
1683299345609 0.38179606199264526 10
1683299348841 0.3333703875541687 11
1683299352087 0.30517563223838806 12
1683299355335 0.31646281480789185 13
1683299358598 0.29196974635124207 14
1683299361843 0.29919713735580444 15
1683299365061 0.2824493944644928 16
1683299368293 0.26224014163017273 17
1683299371551 0.255073606967926 18
1683299374815 0.2249753624200821 19
1683299378044 0.21682921051979065 20
1683299381268 0.2257980853319168 21
1683299384481 0.22091037034988403 22
1683299387720 0.2551821768283844 23
1683299390985 0.2521311342716217 24
1683299394225 0.21142902970314026 25
