1683299313386 0.6528232707218691 0
1683299316596 0.6098669943484393 1
1683299319789 0.49117028747092595 2
1683299322988 0.45458130623129284 3
1683299326210 0.43151989189738577 4
1683299329452 0.4047497883439064 5
1683299332648 0.3796076120978052 6
1683299335841 0.38078125041316857 7
1683299339083 0.3864980653267015 8
1683299342377 0.35044757987965236 9
1683299345609 0.3817960787564516 10
1683299348841 0.3333703636784445 11
1683299352087 0.30517564553090115 12
1683299355335 0.31646284444088285 13
1683299358598 0.29196974296461453 14
1683299361843 0.29919715733690694 15
1683299365061 0.28244939548048104 16
1683299368293 0.26224016973918135 17
1683299371551 0.25507361738180573 18
1683299374815 0.22497538417916407 19
1683299378044 0.21682922135699878 20
1683299381268 0.22579810446636242 21
1683299384481 0.22091038050976666 22
1683299387720 0.2551821860569445 23
1683299390985 0.25213115103542805 24
1683299394225 0.21142903884703462 25
