1683296216162 0.0 0
1683296219493 1.0 1
1683296222839 2.0 2
1683296226153 3.0 3
1683296229454 4.0 4
1683296232758 5.0 5
1683296236101 6.0 6
1683296239413 7.0 7
1683296242701 8.0 8
1683296245999 9.0 9
1683296249311 10.0 10
1683296252623 11.0 11
1683296255919 12.0 12
1683296259221 13.0 13
1683296262505 14.0 14
1683296265815 15.0 15
1683296269124 16.0 16
1683296272459 17.0 17
1683296275742 18.0 18
1683296279010 19.0 19
1683296282327 20.0 20
1683296285650 21.0 21
1683296288892 22.0 22
1683296292113 23.0 23
1683296295356 24.0 24
1683296298620 25.0 25
