1683296216122 0.19129559231394236 0
1683296219483 0.366472999336875 1
1683296222821 0.4531394966201873 2
1683296226143 0.45246657039056937 3
1683296229443 0.5402077989948352 4
1683296232747 0.5198007561215494 5
1683296236073 0.5397466844983689 6
1683296239402 0.5710207199373598 7
1683296242690 0.5748727208012802 8
1683296245988 0.5749370245102413 9
1683296249274 0.6547073648775705 10
1683296252612 0.6850067174056335 11
1683296255909 0.636127816729351 12
1683296259211 0.6572950272620124 13
1683296262495 0.6603418523356214 14
1683296265804 0.7000864961980982 15
1683296269096 0.7105184523286266 16
1683296272449 0.7180035211759458 17
1683296275732 0.7459514263615156 18
1683296279001 0.6784803541432365 19
1683296282299 0.7312889871153839 20
1683296285639 0.7711883660736213 21
1683296288881 0.7237895799977088 22
1683296292103 0.7706559455964824 23
1683296295345 0.7587270351963653 24
1683296298605 0.7255955999525665 25
