1683296216122 0.6978772282600403 0
1683296219483 0.5861051082611084 1
1683296222821 0.5453048348426819 2
1683296226143 0.5376763939857483 3
1683296229443 0.5005881786346436 4
1683296232747 0.48648980259895325 5
1683296236073 0.4985933005809784 6
1683296239402 0.4870213568210602 7
1683296242690 0.4621824026107788 8
1683296245988 0.47544029355049133 9
1683296249274 0.4356236159801483 10
1683296252612 0.4184689521789551 11
1683296255909 0.426582932472229 12
1683296259211 0.4181237518787384 13
1683296262495 0.4195500612258911 14
1683296265804 0.3968566954135895 15
1683296269096 0.3773903548717499 16
1683296272449 0.38293707370758057 17
1683296275732 0.371493935585022 18
1683296279001 0.3915961980819702 19
1683296282299 0.3565598428249359 20
1683296285639 0.3514719009399414 21
1683296288881 0.36922788619995117 22
1683296292103 0.34322234988212585 23
1683296295345 0.34196779131889343 24
1683296298605 0.3489493131637573 25
