1683296216122 0.8272534012794495 0
1683296219483 0.6088303327560425 1
1683296222821 0.5443123579025269 2
1683296226143 0.5145943760871887 3
1683296229443 0.4660721719264984 4
1683296232747 0.46638011932373047 5
1683296236073 0.47512638568878174 6
1683296239402 0.44641149044036865 7
1683296242690 0.40822890400886536 8
1683296245988 0.41230347752571106 9
1683296249274 0.33149030804634094 10
1683296252612 0.31436318159103394 11
1683296255909 0.3133443295955658 12
1683296259211 0.3219825327396393 13
1683296262495 0.31754815578460693 14
1683296265804 0.27505406737327576 15
1683296269096 0.250447154045105 16
1683296272449 0.2633717358112335 17
1683296275732 0.24859489500522614 18
1683296279001 0.27323228120803833 19
1683296282299 0.23277343809604645 20
1683296285639 0.20588098466396332 21
1683296288881 0.23078370094299316 22
1683296292103 0.20329460501670837 23
1683296295345 0.2251843959093094 24
1683296298605 0.20429784059524536 25
