1683296216122 0.8272535983811725 0
1683296219483 0.6088303087109869 1
1683296222821 0.5443123843182217 2
1683296226143 0.5145944600755518 3
1683296229443 0.4660722225565802 4
1683296232747 0.4663801501420411 5
1683296236073 0.4751264222643592 6
1683296239402 0.4464115293865854 7
1683296242690 0.40822894498705864 8
1683296245988 0.4123034844682975 9
1683296249274 0.33149034225127916 10
1683296252612 0.31436319242824207 11
1683296255909 0.31334432773292065 12
1683296259211 0.3219825473021377 13
1683296262495 0.317548162557862 14
1683296265804 0.2750540815971114 15
1683296269096 0.2504471924833276 16
1683296272449 0.26337174546312203 17
1683296275732 0.24859493810006164 18
1683296279001 0.2732323011891408 19
1683296282299 0.23277343894270333 20
1683296285639 0.20588100599971684 21
1683296288881 0.23078370636159723 22
1683296292103 0.20329461356794293 23
1683296295345 0.22518440352922137 24
1683296298605 0.20429786667227745 25
