1683301614567 0.0 0
1683301619429 1.0 1
1683301624271 2.0 2
1683301632317 3.0 3
1683301637075 4.0 4
1683301641899 5.0 5
1683301646696 6.0 6
1683301651473 7.0 7
1683301656247 8.0 8
1683301661052 9.0 9
1683301665817 10.0 10
1683301670602 11.0 11
1683301675399 12.0 12
1683301680193 13.0 13
1683301684953 14.0 14
1683301689768 15.0 15
1683301694558 16.0 16
1683301699323 17.0 17
1683301704126 18.0 18
1683301708924 19.0 19
1683301713714 20.0 20
1683301718555 21.0 21
1683301723424 22.0 22
1683301728253 23.0 23
1683301733072 24.0 24
1683301737944 25.0 25
1683301742772 26.0 26
1683301747605 27.0 27
