1683301614550 0.7322595119476318 0
1683301619423 0.600821852684021 1
1683301624244 0.5860207080841064 2
1683301632225 0.5556227564811707 3
1683301637068 0.5237764120101929 4
1683301641877 0.5092135071754456 5
1683301646690 0.49991098046302795 6
1683301651467 0.5096189379692078 7
1683301656234 0.4855670928955078 8
1683301661045 0.48797839879989624 9
1683301665810 0.4725123941898346 10
1683301670595 0.4842587411403656 11
1683301675393 0.4485490918159485 12
1683301680186 0.4513843357563019 13
1683301684946 0.45553773641586304 14
1683301689758 0.46995672583580017 15
1683301694552 0.45095670223236084 16
1683301699316 0.4557730257511139 17
1683301704117 0.44344717264175415 18
1683301708917 0.4334748387336731 19
1683301713707 0.46338358521461487 20
1683301718543 0.4290507435798645 21
1683301723417 0.4544040262699127 22
1683301728246 0.4298463463783264 23
1683301733065 0.4312970042228699 24
1683301737930 0.44113269448280334 25
1683301742765 0.44319164752960205 26
1683301747599 0.43615591526031494 27
