1683301614550 -0.4215189558331423 0
1683301619423 -0.0831797920400443 1
1683301624244 0.16413159064044475 2
1683301632225 0.19690078538431763 3
1683301637068 0.07387482278705887 4
1683301641877 0.10611451520742397 5
1683301646690 0.26278487845953513 6
1683301651467 0.08538019774123472 7
1683301656234 0.2716155748068263 8
1683301661045 0.2685843243101338 9
1683301665810 0.33483690611734884 10
1683301670595 0.1323469315379472 11
1683301675393 0.11783683199024082 12
1683301680186 0.342946351544243 13
1683301684946 0.42192148305786537 14
1683301689758 0.22897615767824755 15
1683301694552 0.2053833196223203 16
1683301699316 0.32524232814144566 17
1683301704117 -1.5507415177338995 18
1683301708917 0.40387907485070446 19
1683301713707 0.44949702481362963 20
1683301718543 0.4258306503574433 21
1683301723417 0.26385686089500826 22
1683301728246 0.4261206639952642 23
1683301733065 0.4321122843339878 24
1683301737930 0.1971731086118354 25
1683301742765 0.3535555288880017 26
1683301747599 0.44271688905577666 27
