1683301614550 0.8606547713279724 0
1683301619423 0.6259080171585083 1
1683301624244 0.6116678714752197 2
1683301632225 0.5522683262825012 3
1683301637068 0.5002432465553284 4
1683301641877 0.4482535719871521 5
1683301646690 0.44344595074653625 6
1683301651467 0.4770236611366272 7
1683301656234 0.42878589034080505 8
1683301661045 0.4250966012477875 9
1683301665810 0.4060630798339844 10
1683301670595 0.4236901104450226 11
1683301675393 0.36339274048805237 12
1683301680186 0.37977495789527893 13
1683301684946 0.3683476746082306 14
1683301689758 0.40641194581985474 15
1683301694552 0.36292773485183716 16
1683301699316 0.3629934787750244 17
1683301704117 0.36615055799484253 18
1683301708917 0.36812567710876465 19
1683301713707 0.3810088336467743 20
1683301718543 0.33538737893104553 21
1683301723417 0.3625383675098419 22
1683301728246 0.34816882014274597 23
1683301733065 0.35275891423225403 24
1683301737930 0.35864806175231934 25
1683301742765 0.3499321937561035 26
1683301747599 0.34376218914985657 27
