1683301614550 0.8606548329645937 0
1683301619423 0.6259080795288989 1
1683301624244 0.6116679430882813 2
1683301632225 0.55226829887904 3
1683301637068 0.500243290948371 4
1683301641877 0.4482536169587437 5
1683301646690 0.44344598095807614 6
1683301651467 0.47702366517235834 7
1683301656234 0.42878593669526954 8
1683301661045 0.4250966038018691 9
1683301665810 0.4060630929712771 10
1683301670595 0.4236901095701438 11
1683301675393 0.3633927657607604 12
1683301680186 0.37977496464031213 13
1683301684946 0.36834768931183853 14
1683301689758 0.40641197107845184 15
1683301694552 0.36292772531283624 16
1683301699316 0.36299345708649716 17
1683301704117 0.36615058293594327 18
1683301708917 0.36812565963235544 19
1683301713707 0.38100880739335535 20
1683301718543 0.33538737291978166 21
1683301723417 0.36253840245560487 22
1683301728246 0.3481687961400233 23
1683301733065 0.35275891109962354 24
1683301737930 0.35864808328562614 25
1683301742765 0.34993213635276665 26
1683301747599 0.3437622114733765 27
