1683297366910 0.0 0
1683297370283 1.0 1
1683297373679 2.0 2
1683297377051 3.0 3
1683297380429 4.0 4
1683297383797 5.0 5
1683297387155 6.0 6
1683297390537 7.0 7
1683297393968 8.0 8
1683297397363 9.0 9
1683297400763 10.0 10
1683297404209 11.0 11
1683297407633 12.0 12
1683297411044 13.0 13
1683297414436 14.0 14
1683297417879 15.0 15
1683297421302 16.0 16
1683297424722 17.0 17
1683297428133 18.0 18
1683297431531 19.0 19
1683297434918 20.0 20
1683297438291 21.0 21
1683297441620 22.0 22
1683297444955 23.0 23
1683297448269 24.0 24
1683297451607 25.0 25
1683297454957 26.0 26
1683297458296 27.0 27
1683297461643 28.0 28
1683297465051 29.0 29
