1686001349606 0.0 0
1686001354412 1.0 1
1686001359248 2.0 2
1686001364105 3.0 3
1686001368959 4.0 4
1686001373816 5.0 5
1686001378673 6.0 6
1686001383526 7.0 7
1686001388391 8.0 8
1686001393178 9.0 9
1686001397952 10.0 10
1686001402706 11.0 11
1686001407462 12.0 12
1686001412238 13.0 13
1686001416983 14.0 14
1686001421765 15.0 15
1686001426506 16.0 16
1686001431244 17.0 17
1686001436008 18.0 18
1686001440795 19.0 19
1686001447957 20.0 20
1686001455562 21.0 21
1686001461733 22.0 22
1686001469086 23.0 23
1686001476606 24.0 24
1686001483059 25.0 25
1686001489946 26.0 26
