1686001349586 0.9671955704689026 0
1686001354403 0.7481831908226013 1
1686001359230 0.6703253388404846 2
1686001364095 0.5946293473243713 3
1686001368950 0.6161195039749146 4
1686001373806 0.5242085456848145 5
1686001378664 0.5206220149993896 6
1686001383510 0.5109983086585999 7
1686001388380 0.47688907384872437 8
1686001393169 0.4434718191623688 9
1686001397933 0.4220760762691498 10
1686001402697 0.436561644077301 11
1686001407452 0.42985355854034424 12
1686001412222 0.46347784996032715 13
1686001416974 0.4041178226470947 14
1686001421756 0.4166894853115082 15
1686001426496 0.4083816111087799 16
1686001431234 0.38405370712280273 17
1686001435995 0.4221428334712982 18
1686001440784 0.36054277420043945 19
1686001447948 0.38083139061927795 20
1686001455553 0.3804912865161896 21
1686001461695 0.38661321997642517 22
1686001469076 0.4121669828891754 23
1686001476597 0.37382733821868896 24
1686001483049 0.3532378077507019 25
1686001489935 0.36855801939964294 26
