1686001349586 0.7632699608802795 0
1686001354403 0.6582311391830444 1
1686001359230 0.6109872460365295 2
1686001364095 0.562066376209259 3
1686001368950 0.5866262912750244 4
1686001373806 0.54610675573349 5
1686001378664 0.5373971462249756 6
1686001383510 0.5339859127998352 7
1686001388380 0.510995090007782 8
1686001393169 0.48908787965774536 9
1686001397933 0.4862126410007477 10
1686001402697 0.49346795678138733 11
1686001407452 0.4903796315193176 12
1686001412222 0.4991293251514435 13
1686001416974 0.4806831181049347 14
1686001421756 0.48079442977905273 15
1686001426496 0.47746962308883667 16
1686001431234 0.46201449632644653 17
1686001435995 0.47417137026786804 18
1686001440784 0.4499211311340332 19
1686001447948 0.46412864327430725 20
1686001455553 0.4561660587787628 21
1686001461695 0.4680335819721222 22
1686001469076 0.47753092646598816 23
1686001476597 0.44857123494148254 24
1686001483049 0.44486624002456665 25
1686001489935 0.46515926718711853 26
