1686001349586 -0.3395574434949151 0
1686001354403 -0.6817785871336763 1
1686001359230 0.026994448191537235 2
1686001364095 -0.11040809310910571 3
1686001368950 0.0843963730529589 4
1686001373806 -0.297201550438887 5
1686001378664 -0.24276111127897898 6
1686001383510 0.2515070756084576 7
1686001388380 0.17647224814344714 8
1686001393169 0.22785255733047813 9
1686001397933 0.24481653141558637 10
1686001402697 0.13882845023330642 11
1686001407452 0.16714602467680637 12
1686001412222 0.32914436861198015 13
1686001416974 0.3013933441710755 14
1686001421756 0.1747179494539172 15
1686001426496 0.17348181112666897 16
1686001431234 0.25009005843621196 17
1686001435995 0.44333256095935936 18
1686001440784 0.4085082977187744 19
1686001447948 0.2561087591003302 20
1686001455553 0.22824405981651955 21
1686001461695 -0.06056093152947284 22
1686001469076 0.1900627015003079 23
1686001476597 0.3262573245675575 24
1686001483049 -0.08097317587395217 25
1686001489935 0.393184493064727 26
