1686001349586 0.9671956219456412 0
1686001354403 0.7481831588471929 1
1686001359230 0.6703254380827826 2
1686001364095 0.5946293165060607 3
1686001368950 0.6161194942242494 4
1686001373806 0.5242085783093264 5
1686001378664 0.5206220467772448 6
1686001383510 0.5109982952249773 7
1686001388380 0.4768891047517007 8
1686001393169 0.44347183507246274 9
1686001397933 0.42207609297651233 10
1686001402697 0.4365616740489548 11
1686001407452 0.429853553432181 12
1686001412222 0.46347782671959564 13
1686001416974 0.40411781541523384 14
1686001421756 0.4166895190507851 15
1686001426496 0.4083816151304001 16
1686001431234 0.3840537418216241 17
1686001435995 0.4221428292097919 18
1686001440784 0.36054275982138334 19
1686001447948 0.38083144354944426 20
1686001455553 0.3804912837081109 21
1686001461695 0.3866132210488572 22
1686001469076 0.41216697741412756 23
1686001476597 0.3738273635196189 24
1686001483049 0.3532378248390601 25
1686001489935 0.3685580042444847 26
