1685999564396 0.0 0
1685999570602 1.0 1
1685999577742 2.0 2
1685999584178 3.0 3
1685999589852 4.0 4
1685999596774 5.0 5
1685999603918 6.0 6
1685999610570 7.0 7
1685999617290 8.0 8
1685999624535 9.0 9
1685999631564 10.0 10
1685999638280 11.0 11
1685999645491 12.0 12
1685999652549 13.0 13
1685999659124 14.0 14
1685999665379 15.0 15
1685999672525 16.0 16
1685999678016 17.0 17
1685999685210 18.0 18
1685999692416 19.0 19
1685999698167 20.0 20
1685999705097 21.0 21
1685999712242 22.0 22
1685999718857 23.0 23
1685999725530 24.0 24
1685999732687 25.0 25
1685999739048 26.0 26
1685999744662 27.0 27
