1685999564376 0.7010608021677895 0
1685999570593 0.6128157761625268 1
1685999577734 0.6599519661853485 2
1685999584170 0.6285543163998447 3
1685999589843 0.5289472696286711 4
1685999596766 0.5340162407550396 5
1685999603909 0.4824296875546376 6
1685999610561 0.4633944299580021 7
1685999617282 0.47235765336363605 8
1685999624527 0.45754418801516294 9
1685999631555 0.438045943353438 10
1685999638271 0.43662809514243045 11
1685999645469 0.4537087908071099 12
1685999652541 0.447789263713992 13
1685999659115 0.4274131262138712 14
1685999665370 0.4141200469016577 15
1685999672516 0.41167880161524273 16
1685999678008 0.4175590140124162 17
1685999685201 0.411075864100095 18
1685999692408 0.412666734674889 19
1685999698145 0.41491147312758997 20
1685999705088 0.37555708010878525 21
1685999712234 0.38793827847323636 22
1685999718849 0.38371679844391166 23
1685999725522 0.37244844676531624 24
1685999732679 0.3622973409594234 25
1685999739040 0.3842541451114371 26
1685999744654 0.38393956991476996 27
