1685999564376 0.7010607719421387 0
1685999570593 0.6128157377243042 1
1685999577734 0.6599519848823547 2
1685999584170 0.6285543441772461 3
1685999589843 0.5289472341537476 4
1685999596766 0.5340162515640259 5
1685999603909 0.4824296832084656 6
1685999610561 0.4633944034576416 7
1685999617282 0.4723576009273529 8
1685999624527 0.45754414796829224 9
1685999631555 0.4380459785461426 10
1685999638271 0.4366281032562256 11
1685999645469 0.4537087678909302 12
1685999652541 0.4477892220020294 13
1685999659115 0.42741313576698303 14
1685999665370 0.41412001848220825 15
1685999672516 0.4116787910461426 16
1685999678008 0.41755902767181396 17
1685999685201 0.4110758602619171 18
1685999692408 0.4126667380332947 19
1685999698145 0.4149114489555359 20
1685999705088 0.3755570650100708 21
1685999712234 0.3879382610321045 22
1685999718849 0.3837168216705322 23
1685999725522 0.3724484443664551 24
1685999732679 0.3622973561286926 25
1685999739040 0.3842540979385376 26
1685999744654 0.3839395344257355 27
