1685999564376 -0.08448630094795694 0
1685999570593 -0.26319752525871554 1
1685999577734 -0.07194640994296074 2
1685999584170 -0.21854404351365167 3
1685999589843 0.1361199571598524 4
1685999596766 -0.16857403208317262 5
1685999603909 0.12941834326182217 6
1685999610561 0.1079891140766237 7
1685999617282 0.0911113850303165 8
1685999624527 -0.29522029616408413 9
1685999631555 0.27086843783704323 10
1685999638271 0.028403139789290807 11
1685999645469 0.03487514303136423 12
1685999652541 0.14074525149591516 13
1685999659115 0.12255271340941083 14
1685999665370 0.2864356432871993 15
1685999672516 -0.18186602235129842 16
1685999678008 0.14650246071258766 17
1685999685201 0.2104668949436908 18
1685999692408 0.0865863559746936 19
1685999698145 0.01694655582935605 20
1685999705088 0.06368380093534513 21
1685999712234 0.28402145835076215 22
1685999718849 0.2946532551532328 23
1685999725522 0.3038319438334496 24
1685999732679 0.24465242108801277 25
1685999739040 0.21641715480209983 26
1685999744654 0.19986055999284227 27
