1685999564376 0.6501345634460449 0
1685999570593 0.613240122795105 1
1685999577734 0.6216945052146912 2
1685999584170 0.6133678555488586 3
1685999589843 0.5612043738365173 4
1685999596766 0.5746517181396484 5
1685999603909 0.5325000286102295 6
1685999610561 0.5282953977584839 7
1685999617282 0.5226659178733826 8
1685999624527 0.5133946537971497 9
1685999631555 0.49575793743133545 10
1685999638271 0.5117482542991638 11
1685999645469 0.5090948343276978 12
1685999652541 0.5133068561553955 13
1685999659115 0.5027212500572205 14
1685999665370 0.49297818541526794 15
1685999672516 0.4953407645225525 16
1685999678008 0.48245954513549805 17
1685999685201 0.49306464195251465 18
1685999692408 0.492497056722641 19
1685999698145 0.4919542968273163 20
1685999705088 0.4619479179382324 21
1685999712234 0.4753958582878113 22
1685999718849 0.471750408411026 23
1685999725522 0.4612254500389099 24
1685999732679 0.4578874707221985 25
1685999739040 0.47458216547966003 26
1685999744654 0.47436633706092834 27
