1683301479054 0.0 0
1683301483783 1.0 1
1683301488482 2.0 2
1683301493167 3.0 3
1683301497903 4.0 4
1683301502646 5.0 5
1683301507363 6.0 6
1683301512053 7.0 7
1683301516765 8.0 8
1683301521451 9.0 9
1683301526153 10.0 10
1683301530909 11.0 11
1683301535657 12.0 12
1683301540380 13.0 13
1683301545139 14.0 14
1683301549900 15.0 15
1683301554621 16.0 16
1683301559349 17.0 17
1683301564087 18.0 18
1683301568820 19.0 19
1683301573541 20.0 20
1683301578300 21.0 21
1683301584518 22.0 22
1683301589243 23.0 23
1683301593978 24.0 24
1683301598706 25.0 25
