1683301479037 0.7796377539634705 0
1683301483759 0.6686443090438843 1
1683301488476 0.6693081855773926 2
1683301493160 0.5439527034759521 3
1683301497881 0.5280630588531494 4
1683301502613 0.41582992672920227 5
1683301507356 0.40083348751068115 6
1683301512046 0.449181467294693 7
1683301516758 0.4126448631286621 8
1683301521444 0.4689936339855194 9
1683301526146 0.3575916886329651 10
1683301530871 0.399774432182312 11
1683301535650 0.3979586064815521 12
1683301540373 0.36978206038475037 13
1683301545122 0.37190067768096924 14
1683301549893 0.36008360981941223 15
1683301554614 0.37365370988845825 16
1683301559341 0.3503164052963257 17
1683301564080 0.3917960524559021 18
1683301568813 0.36069899797439575 19
1683301573535 0.3589417338371277 20
1683301578286 0.3689741790294647 21
1683301584511 0.3397195339202881 22
1683301589237 0.318839430809021 23
1683301593971 0.34620794653892517 24
1683301598699 0.35002368688583374 25
