1683301479037 0.7796378177731778 0
1683301483759 0.6686442907860813 1
1683301488476 0.669308184900067 2
1683301493160 0.5439527195906548 3
1683301497881 0.5280630491024842 4
1683301502613 0.4158299247395586 5
1683301507356 0.40083347424638993 6
1683301512046 0.44918148170197103 7
1683301516758 0.41264484946926433 8
1683301521444 0.46899365221686434 9
1683301526146 0.35759168027575605 10
1683301530871 0.3997744166179363 11
1683301535650 0.3979586360933767 12
1683301540373 0.36978206935931335 13
1683301545122 0.3719006973869083 14
1683301549893 0.3600836204026233 15
1683301554614 0.37365371426285215 16
1683301559341 0.3503163925118067 17
1683301564080 0.39179606464776123 18
1683301568813 0.36069898400455713 19
1683301573535 0.3589417366593173 20
1683301578286 0.36897416770542885 21
1683301584511 0.33971956365205574 22
1683301589237 0.31883940825972595 23
1683301593971 0.34620795962682954 24
1683301598699 0.35002368091337493 25
