1683301479037 -0.3899234568313661 0
1683301483759 -0.05829125133611144 1
1683301488476 -0.34458151849918023 2
1683301493160 0.09757707240546874 3
1683301497881 0.2008144314725007 4
1683301502613 0.26816815763687085 5
1683301507356 0.3003291446599206 6
1683301512046 0.15762358483504463 7
1683301516758 -0.05305195057389366 8
1683301521444 0.20660180278972826 9
1683301526146 0.4376732060173786 10
1683301530871 0.25605603370967484 11
1683301535650 -1.4208961882125128 12
1683301540373 0.27973249527736427 13
1683301545122 0.3372485095385612 14
1683301549893 0.2905897476091767 15
1683301554614 0.21869325014111518 16
1683301559341 0.20479532685753626 17
1683301564080 0.25011830403849455 18
1683301568813 0.36109106457711126 19
1683301573535 0.34072571363969617 20
1683301578286 0.24446853926143228 21
1683301584511 0.4780383930002754 22
1683301589237 0.38021480939772173 23
1683301593971 0.09275442657878892 24
1683301598699 0.3013172482417789 25
