1683301479037 0.6814442276954651 0
1683301483759 0.6109423637390137 1
1683301488476 0.5993458032608032 2
1683301493160 0.5462444424629211 3
1683301497881 0.5284472107887268 4
1683301502613 0.4752665162086487 5
1683301507356 0.4686954915523529 6
1683301512046 0.4961984157562256 7
1683301516758 0.48279476165771484 8
1683301521444 0.5008309483528137 9
1683301526146 0.4492786228656769 10
1683301530871 0.46674492955207825 11
1683301535650 0.4662052392959595 12
1683301540373 0.4474015533924103 13
1683301545122 0.4513882100582123 14
1683301549893 0.4526323676109314 15
1683301554614 0.4606386721134186 16
1683301559341 0.44290396571159363 17
1683301564080 0.4482883810997009 18
1683301568813 0.4437791407108307 19
1683301573535 0.45010462403297424 20
1683301578286 0.4458225965499878 21
1683301584511 0.42056119441986084 22
1683301589237 0.4230128824710846 23
1683301593971 0.4330753684043884 24
1683301598699 0.4272685945034027 25
