1683298364721 0.0 0
1683298368169 1.0 1
1683298371579 2.0 2
1683298374979 3.0 3
1683298378405 4.0 4
1683298381845 5.0 5
1683298385257 6.0 6
1683298388679 7.0 7
1683298392066 8.0 8
1683298395522 9.0 9
1683298398967 10.0 10
1683298402404 11.0 11
1683298405819 12.0 12
1683298409242 13.0 13
1683298412710 14.0 14
1683298416139 15.0 15
1683298419537 16.0 16
1683298422911 17.0 17
1683298426332 18.0 18
1683298429737 19.0 19
1683298433125 20.0 20
1683298436505 21.0 21
1683298439921 22.0 22
1683298443326 23.0 23
1683298446708 24.0 24
1683298450089 25.0 25
1683298453454 26.0 26
1683298456822 27.0 27
1683298460240 28.0 28
1683298463641 29.0 29
