1683300924668 0.0 0
1683300929435 1.0 1
1683300934184 2.0 2
1683300938926 3.0 3
1683300943651 4.0 4
1683300948410 5.0 5
1683300953155 6.0 6
1683300957886 7.0 7
1683300962634 8.0 8
1683300967383 9.0 9
1683300972118 10.0 10
1683300976881 11.0 11
1683300981597 12.0 12
1683300986326 13.0 13
1683300991069 14.0 14
1683300995822 15.0 15
1683301000560 16.0 16
1683301005201 17.0 17
1683301009841 18.0 18
1683301014470 19.0 19
1683301019134 20.0 20
1683301023773 21.0 21
1683301028431 22.0 22
1683301033071 23.0 23
1683301037732 24.0 24
1683301042391 25.0 25
