1683300924646 -0.31448687374792716 0
1683300929424 -0.2911035772024158 1
1683300934173 -0.05909646993446695 2
1683300938916 0.07360168012250505 3
1683300943641 0.03257428557789532 4
1683300948399 0.1605790214828534 5
1683300953146 0.09158299168133968 6
1683300957876 -0.0018034036157075016 7
1683300962625 -0.196616747722774 8
1683300967373 0.22948915244716384 9
1683300972108 0.19039987025489277 10
1683300976871 0.10829001108411798 11
1683300981587 0.2656311789500007 12
1683300986317 0.20449693948183317 13
1683300991060 0.25832861601931445 14
1683300995812 -0.2627779047048918 15
1683301000550 0.025867823942821746 16
1683301005190 0.38448019459461624 17
1683301009832 0.3425169536721722 18
1683301014459 0.17653622877879507 19
1683301019124 0.280271901495174 20
1683301023762 0.28679229307472465 21
1683301028422 0.17504651547976977 22
1683301033061 0.1273199016154997 23
1683301037723 0.32627302559940025 24
1683301042381 0.034541922335240546 25
