1683300924646 0.6940330853967955 0
1683300929424 0.664769369530294 1
1683300934173 0.6323975803556315 2
1683300938916 0.5690228011684887 3
1683300943641 0.5606980917015763 4
1683300948399 0.4951558451408125 5
1683300953146 0.47698120136434835 6
1683300957876 0.44931598368919257 7
1683300962625 0.4567140952655763 8
1683300967373 0.484526709681659 9
1683300972108 0.45909466001797805 10
1683300976871 0.43772547734393313 11
1683300981587 0.42458353288979694 12
1683300986317 0.4273051813978589 13
1683300991060 0.44435147791536467 14
1683300995812 0.4341949540980612 15
1683301000550 0.40397351782656077 16
1683301005190 0.38022026763241173 17
1683301009832 0.4124250496229665 18
1683301014459 0.3748938907784494 19
1683301019124 0.40999633214210696 20
1683301023762 0.42119428913363 21
1683301028422 0.38762624680318614 22
1683301033061 0.3945922383361242 23
1683301037723 0.39363611902985157 24
1683301042381 0.3667930009153982 25
