1683300924646 0.6940330862998962 0
1683300929424 0.6647692918777466 1
1683300934173 0.6323976516723633 2
1683300938916 0.5690227746963501 3
1683300943641 0.5606980919837952 4
1683300948399 0.49515584111213684 5
1683300953146 0.47698119282722473 6
1683300957876 0.44931596517562866 7
1683300962625 0.45671412348747253 8
1683300967373 0.48452672362327576 9
1683300972108 0.4590946137905121 10
1683300976871 0.4377254843711853 11
1683300981587 0.4245834946632385 12
1683300986317 0.4273051619529724 13
1683300991060 0.444351464509964 14
1683300995812 0.434194952249527 15
1683301000550 0.4039734899997711 16
1683301005190 0.3802202343940735 17
1683301009832 0.41242504119873047 18
1683301014459 0.37489384412765503 19
1683301019124 0.4099963307380676 20
1683301023762 0.42119425535202026 21
1683301028422 0.3876262307167053 22
1683301033061 0.3945922255516052 23
1683301037723 0.39363613724708557 24
1683301042381 0.3667930066585541 25
