1683300924646 0.6371226906776428 0
1683300929424 0.6357126235961914 1
1683300934173 0.6142193078994751 2
1683300938916 0.5715883374214172 3
1683300943641 0.5667741894721985 4
1683300948399 0.535028338432312 5
1683300953146 0.5252676606178284 6
1683300957876 0.5083362460136414 7
1683300962625 0.5124427080154419 8
1683300967373 0.5227599740028381 9
1683300972108 0.49266329407691956 10
1683300976871 0.499843031167984 11
1683300981587 0.48339179158210754 12
1683300986317 0.49820825457572937 13
1683300991060 0.5001668930053711 14
1683300995812 0.4958614110946655 15
1683301000550 0.471476286649704 16
1683301005190 0.46189701557159424 17
1683301009832 0.48255935311317444 18
1683301014459 0.4603836238384247 19
1683301019124 0.4708408713340759 20
1683301023762 0.47270140051841736 21
1683301028422 0.4471476674079895 22
1683301033061 0.47420361638069153 23
1683301037723 0.4493969976902008 24
1683301042381 0.44428056478500366 25
