1683301202905 0.0 0
1683301207731 1.0 1
1683301212554 2.0 2
1683301217392 3.0 3
1683301222169 4.0 4
1683301226980 5.0 5
1683301231812 6.0 6
1683301236631 7.0 7
1683301241446 8.0 8
1683301246255 9.0 9
1683301250962 10.0 10
1683301255640 11.0 11
1683301260345 12.0 12
1683301265066 13.0 13
1683301269776 14.0 14
1683301274525 15.0 15
1683301279393 16.0 16
1683301284249 17.0 17
1683301289084 18.0 18
1683301293941 19.0 19
1683301298786 20.0 20
1683301303610 21.0 21
1683301308471 22.0 22
1683301313314 23.0 23
1683301318162 24.0 24
1683301322971 25.0 25
1683301327767 26.0 26
