1683301202886 0.7632699608802795 0
1683301207724 0.6582311391830444 1
1683301212546 0.6109872460365295 2
1683301217386 0.562066376209259 3
1683301222162 0.5866262912750244 4
1683301226974 0.54610675573349 5
1683301231780 0.5373971462249756 6
1683301236622 0.5339859127998352 7
1683301241439 0.510995090007782 8
1683301246247 0.48908787965774536 9
1683301250955 0.4862126410007477 10
1683301255634 0.49346795678138733 11
1683301260327 0.4903796315193176 12
1683301265059 0.4991293251514435 13
1683301269750 0.4806831181049347 14
1683301274517 0.48079442977905273 15
1683301279372 0.47746962308883667 16
1683301284242 0.46201449632644653 17
1683301289077 0.47417137026786804 18
1683301293927 0.4499211311340332 19
1683301298779 0.46412864327430725 20
1683301303604 0.4561660587787628 21
1683301308458 0.4680335819721222 22
1683301313307 0.47753092646598816 23
1683301318156 0.44857123494148254 24
1683301322964 0.44486624002456665 25
1683301327761 0.46515926718711853 26
