1683301202886 -0.3395574434949151 0
1683301207724 -0.6817785871336763 1
1683301212546 0.026994448191537235 2
1683301217386 -0.11040809310910571 3
1683301222162 0.0843963730529589 4
1683301226974 -0.297201550438887 5
1683301231780 -0.24276111127897898 6
1683301236622 0.2515070756084576 7
1683301241439 0.17647224814344714 8
1683301246247 0.22785255733047813 9
1683301250955 0.24481653141558637 10
1683301255634 0.13882845023330642 11
1683301260327 0.16714602467680637 12
1683301265059 0.32914436861198015 13
1683301269750 0.3013933441710755 14
1683301274517 0.1747179494539172 15
1683301279372 0.17348181112666897 16
1683301284242 0.25009005843621196 17
1683301289077 0.44333256095935936 18
1683301293927 0.4085082977187744 19
1683301298779 0.2561087591003302 20
1683301303604 0.22824405981651955 21
1683301308458 -0.06056093152947284 22
1683301313307 0.1900627015003079 23
1683301318156 0.3262573245675575 24
1683301322964 -0.08097317587395217 25
1683301327761 0.393184493064727 26
