1683301202886 0.9671956219456412 0
1683301207724 0.7481831588471929 1
1683301212546 0.6703254380827826 2
1683301217386 0.5946293165060607 3
1683301222162 0.6161194942242494 4
1683301226974 0.5242085783093264 5
1683301231780 0.5206220467772448 6
1683301236622 0.5109982952249773 7
1683301241439 0.4768891047517007 8
1683301246247 0.44347183507246274 9
1683301250955 0.42207609297651233 10
1683301255634 0.4365616740489548 11
1683301260327 0.429853553432181 12
1683301265059 0.46347782671959564 13
1683301269750 0.40411781541523384 14
1683301274517 0.4166895190507851 15
1683301279372 0.4083816151304001 16
1683301284242 0.3840537418216241 17
1683301289077 0.4221428292097919 18
1683301293927 0.36054275982138334 19
1683301298779 0.38083144354944426 20
1683301303604 0.3804912837081109 21
1683301308458 0.3866132210488572 22
1683301313307 0.41216697741412756 23
1683301318156 0.3738273635196189 24
1683301322964 0.3532378248390601 25
1683301327761 0.3685580042444847 26
