1683301202886 0.9671955704689026 0
1683301207724 0.7481831908226013 1
1683301212546 0.6703253388404846 2
1683301217386 0.5946293473243713 3
1683301222162 0.6161195039749146 4
1683301226974 0.5242085456848145 5
1683301231780 0.5206220149993896 6
1683301236622 0.5109983086585999 7
1683301241439 0.47688907384872437 8
1683301246247 0.4434718191623688 9
1683301250955 0.4220760762691498 10
1683301255634 0.436561644077301 11
1683301260327 0.42985355854034424 12
1683301265059 0.46347784996032715 13
1683301269750 0.4041178226470947 14
1683301274517 0.4166894853115082 15
1683301279372 0.4083816111087799 16
1683301284242 0.38405370712280273 17
1683301289077 0.4221428334712982 18
1683301293927 0.36054277420043945 19
1683301298779 0.38083139061927795 20
1683301303604 0.3804912865161896 21
1683301308458 0.38661321997642517 22
1683301313307 0.4121669828891754 23
1683301318156 0.37382733821868896 24
1683301322964 0.3532378077507019 25
1683301327761 0.36855801939964294 26
