1683296410050 0.0 0
1683296413421 1.0 1
1683296416740 2.0 2
1683296420081 3.0 3
1683296423478 4.0 4
1683296426842 5.0 5
1683296430143 6.0 6
1683296433467 7.0 7
1683296436790 8.0 8
1683296440141 9.0 9
1683296443479 10.0 10
1683296446800 11.0 11
1683296450115 12.0 12
1683296453408 13.0 13
1683296456712 14.0 14
1683296460023 15.0 15
1683296463307 16.0 16
1683296466607 17.0 17
1683296469916 18.0 18
1683296473240 19.0 19
1683296476522 20.0 20
1683296479813 21.0 21
1683296483118 22.0 22
1683296486432 23.0 23
1683296489761 24.0 24
1683296493055 25.0 25
