1683296409981 0.8251342793757265 0
1683296413410 0.6271050917831335 1
1683296416730 0.5581192792477933 2
1683296420070 0.6494003591889684 3
1683296423435 0.4948429688811302 4
1683296426831 0.44024946235797624 5
1683296430133 0.4188464412635023 6
1683296433457 0.38158566199920396 7
1683296436780 0.3786531219428236 8
1683296440130 0.3365535458380526 9
1683296443467 0.3288296706635844 10
1683296446790 0.3066139077259736 11
1683296450099 0.28761565973135556 12
1683296453399 0.3111344167793339 13
1683296456702 0.3163354647430507 14
1683296460013 0.2738157686862079 15
1683296463295 0.26144788177175954 16
1683296466596 0.2628603426908905 17
1683296469893 0.24279752272096547 18
1683296473230 0.2442879881709814 19
1683296476511 0.22010280031033538 20
1683296479803 0.2393195005980405 21
1683296483107 0.1930668516592546 22
1683296486409 0.2153637662360614 23
1683296489749 0.19628677085380664 24
1683296493045 0.20378858553753657 25
