1683296409981 0.6999696493148804 0
1683296413410 0.6086545586585999 1
1683296416730 0.5651137828826904 2
1683296420070 0.6039390563964844 3
1683296423435 0.5055055022239685 4
1683296426831 0.4846641719341278 5
1683296430133 0.46782186627388 6
1683296433457 0.4582391083240509 7
1683296436780 0.45192214846611023 8
1683296440130 0.43232467770576477 9
1683296443467 0.4177427291870117 10
1683296446790 0.4010298550128937 11
1683296450099 0.41005009412765503 12
1683296453399 0.41400349140167236 13
1683296456702 0.40749499201774597 14
1683296460013 0.38125696778297424 15
1683296463295 0.39360153675079346 16
1683296466596 0.377949059009552 17
1683296469893 0.36583641171455383 18
1683296473230 0.3689740300178528 19
1683296476511 0.35878607630729675 20
1683296479803 0.37441444396972656 21
1683296483107 0.33724191784858704 22
1683296486409 0.349060595035553 23
1683296489749 0.334296852350235 24
1683296493045 0.34342125058174133 25
