1683296409981 0.8251342177391052 0
1683296413410 0.627105176448822 1
1683296416730 0.5581192374229431 2
1683296420070 0.6494002938270569 3
1683296423435 0.4948429763317108 4
1683296426831 0.4402494430541992 5
1683296430133 0.41884639859199524 6
1683296433457 0.38158562779426575 7
1683296436780 0.37865307927131653 8
1683296440130 0.33655354380607605 9
1683296443467 0.32882964611053467 10
1683296446790 0.30661389231681824 11
1683296450099 0.28761565685272217 12
1683296453399 0.311134397983551 13
1683296456702 0.31633543968200684 14
1683296460013 0.27381575107574463 15
1683296463295 0.26144784688949585 16
1683296466596 0.26286032795906067 17
1683296469893 0.24279747903347015 18
1683296473230 0.24428798258304596 19
1683296476511 0.22010277211666107 20
1683296479803 0.23931947350502014 21
1683296483107 0.19306683540344238 22
1683296486409 0.2153637409210205 23
1683296489749 0.19628676772117615 24
1683296493045 0.20378857851028442 25
