1683296409981 0.12992805903030977 0
1683296413410 0.31175935055029197 1
1683296416730 0.4260985458388236 2
1683296420070 0.29625839451277075 3
1683296423435 0.44900416905418206 4
1683296426831 0.5503052142999904 5
1683296430133 0.545259626859371 6
1683296433457 0.6062701776684561 7
1683296436780 0.5931353718042931 8
1683296440130 0.6227287786615576 9
1683296443467 0.6499097130933209 10
1683296446790 0.6661561988660432 11
1683296450099 0.6641190335739711 12
1683296453399 0.6559390184939509 13
1683296456702 0.6631955763009804 14
1683296460013 0.6908466281940341 15
1683296463295 0.7042927156887469 16
1683296466596 0.685439342390965 17
1683296469893 0.7261577644154275 18
1683296473230 0.7304217448330402 19
1683296476511 0.7445003808248507 20
1683296479803 0.7240391658025244 21
1683296483107 0.7733923506542767 22
1683296486409 0.7327605312627011 23
1683296489749 0.767947428329039 24
1683296493045 0.7608381479211045 25
