1682419525076 0 0
1682419532545 1 1
1682419539818 2 2
1682419547161 3 3
1682419554544 4 4
1682419561846 5 5
1682419569075 6 6
1682419576626 7 7
1682419584067 8 8
1682419591626 9 9
1682419599296 10 10
1682419607114 11 11
1682419615635 12 12
1682419623293 13 13
1682419630428 14 14
1682419637616 15 15
1682419645006 16 16
1682419652629 17 17
1682419660252 18 18
1682419667751 19 19
1682419675096 20 20
1682419682379 21 21
1682419689646 22 22
1682419697411 23 23
1682419704985 24 24
1682419712798 25 25
1682419720322 26 26
1682419728077 27 27
1682419735824 28 28
1682419743262 29 29
