1683299126618 0.0 0
1683299129854 1.0 1
1683299133117 2.0 2
1683299136361 3.0 3
1683299139563 4.0 4
1683299142756 5.0 5
1683299145949 6.0 6
1683299149159 7.0 7
1683299152389 8.0 8
1683299155667 9.0 9
1683299158907 10.0 10
1683299162177 11.0 11
1683299165517 12.0 12
1683299168813 13.0 13
1683299172101 14.0 14
1683299175410 15.0 15
1683299178668 16.0 16
1683299181987 17.0 17
1683299185274 18.0 18
1683299188566 19.0 19
1683299191829 20.0 20
1683299195126 21.0 21
1683299198418 22.0 22
1683299201693 23.0 23
1683299204993 24.0 24
1683299208263 25.0 25
