1683299126600 0.7732532620429993 0
1683299129847 0.5586358904838562 1
1683299133100 0.5764236450195312 2
1683299136354 0.6131678819656372 3
1683299139550 0.5018267631530762 4
1683299142749 0.441341370344162 5
1683299145942 0.4258022606372833 6
1683299149153 0.4211283028125763 7
1683299152379 0.4064202606678009 8
1683299155660 0.3866288363933563 9
1683299158900 0.3428308069705963 10
1683299162170 0.32895126938819885 11
1683299165488 0.3415945768356323 12
1683299168806 0.3435449004173279 13
1683299172094 0.31146615743637085 14
1683299175403 0.2832171320915222 15
1683299178661 0.26685917377471924 16
1683299181979 0.2929738461971283 17
1683299185267 0.2556227445602417 18
1683299188558 0.22538918256759644 19
1683299191820 0.25936198234558105 20
1683299195119 0.258034348487854 21
1683299198411 0.22089046239852905 22
1683299201686 0.21928700804710388 23
1683299204986 0.22847671806812286 24
1683299208254 0.21995563805103302 25
