1683299126600 0.7732533866708929 0
1683299129847 0.5586358765986833 1
1683299133100 0.5764236639846455 2
1683299136354 0.613167867064476 3
1683299139550 0.5018267802555453 4
1683299142749 0.4413414390927011 5
1683299145942 0.42580228129571135 6
1683299149153 0.4211283837529746 7
1683299152379 0.40642030063000595 8
1683299155660 0.38662884960120375 9
1683299158900 0.3428308249197223 10
1683299162170 0.32895129986784677 11
1683299165488 0.3415945829315619 12
1683299168806 0.34354491032321344 13
1683299172094 0.3114661472764882 14
1683299175403 0.28321713158352807 15
1683299178661 0.26685921559956943 16
1683299181979 0.29297387159683486 17
1683299185267 0.2556227608160539 18
1683299188558 0.2253892221911387 19
1683299191820 0.25936198082159867 20
1683299195119 0.2580343462865461 21
1683299198411 0.22089048779823564 22
1683299201686 0.21928699551658196 23
1683299204986 0.22847673364660956 24
1683299208254 0.21995564482428812 25
