1683299126600 0.6761789917945862 0
1683299129847 0.5713395476341248 1
1683299133100 0.5697012543678284 2
1683299136354 0.5898123383522034 3
1683299139550 0.5321500301361084 4
1683299142749 0.5028969645500183 5
1683299145942 0.4953150749206543 6
1683299149153 0.4968608021736145 7
1683299152379 0.47590625286102295 8
1683299155660 0.46214550733566284 9
1683299158900 0.44423750042915344 10
1683299162170 0.44389286637306213 11
1683299165488 0.44529417157173157 12
1683299168806 0.4327601492404938 13
1683299172094 0.4292087256908417 14
1683299175403 0.4077194035053253 15
1683299178661 0.39439085125923157 16
1683299181979 0.3999599516391754 17
1683299185267 0.3866547644138336 18
1683299188558 0.37359485030174255 19
1683299191820 0.38378533720970154 20
1683299195119 0.38826560974121094 21
1683299198411 0.3634837567806244 22
1683299201686 0.36100438237190247 23
1683299204986 0.36317306756973267 24
1683299208254 0.36067938804626465 25
