1683299126600 0.17102921718515335 0
1683299129847 0.4081166390778549 1
1683299133100 0.4018122273611972 2
1683299136354 0.3263117632894014 3
1683299139550 0.4036283940689726 4
1683299142749 0.5448731046456019 5
1683299145942 0.5210754947978621 6
1683299149153 0.5614264255437811 7
1683299152379 0.5469627310147721 8
1683299155660 0.5810527044619108 9
1683299158900 0.6371502848128625 10
1683299162170 0.6395898567544198 11
1683299165488 0.6182439070836913 12
1683299168806 0.637092802612054 13
1683299172094 0.643213816058552 14
1683299175403 0.6663081531663828 15
1683299178661 0.7077143635687339 16
1683299181979 0.6751776974249752 17
1683299185267 0.691252158068787 18
1683299188558 0.7181119390103093 19
1683299191820 0.7148043221860884 20
1683299195119 0.700812309257933 21
1683299198411 0.7391286367522302 22
1683299201686 0.7164141830071117 23
1683299204986 0.7362857646971025 24
1683299208254 0.7350152921299298 25
