1683299789505 0.0 0
1683299792366 1.0 1
1683299795212 2.0 2
1683299798126 3.0 3
1683299801011 4.0 4
1683299803853 5.0 5
1683299806699 6.0 6
1683299809557 7.0 7
1683299812429 8.0 8
1683299815283 9.0 9
1683299818134 10.0 10
1683299820988 11.0 11
1683299823829 12.0 12
1683299826748 13.0 13
1683299829618 14.0 14
1683299832522 15.0 15
1683299835384 16.0 16
1683299838231 17.0 17
1683299841088 18.0 18
1683299843995 19.0 19
1683299846873 20.0 20
1683299849737 21.0 21
1683299852583 22.0 22
1683299855431 23.0 23
1683299858354 24.0 24
1683299861242 25.0 25
