1683299789480 0.747416615486145 0
1683299792355 0.5807792544364929 1
1683299795202 0.49024608731269836 2
1683299798101 0.4766932725906372 3
1683299801001 0.5507400631904602 4
1683299803842 0.437572717666626 5
1683299806689 0.41558656096458435 6
1683299809546 0.41830122470855713 7
1683299812415 0.35791802406311035 8
1683299815272 0.3925890028476715 9
1683299818124 0.3709997832775116 10
1683299820978 0.326283723115921 11
1683299823819 0.2911820709705353 12
1683299826709 0.3093416690826416 13
1683299829608 0.3067171275615692 14
1683299832486 0.2654857635498047 15
1683299835374 0.256989449262619 16
1683299838221 0.28851374983787537 17
1683299841077 0.24877741932868958 18
1683299843956 0.2157209813594818 19
1683299846863 0.21775323152542114 20
1683299849726 0.21898329257965088 21
1683299852573 0.20258866250514984 22
1683299855421 0.21765507757663727 23
1683299858309 0.21302616596221924 24
1683299861231 0.21412265300750732 25
