1683299789480 0.2499830863545857 0
1683299792355 0.43016315475536715 1
1683299795202 0.5320144755727105 2
1683299798101 0.541401210339683 3
1683299801001 0.5020416013424385 4
1683299803842 0.5614050224821758 5
1683299806689 0.5822237866884955 6
1683299809546 0.5975922270235299 7
1683299812415 0.6398508690254284 8
1683299815272 0.6117612739205617 9
1683299818124 0.6395043459791471 10
1683299820978 0.6804000332345614 11
1683299823819 0.7077208641589461 12
1683299826709 0.6888413661463927 13
1683299829608 0.7061416855555466 14
1683299832486 0.7314196632845291 15
1683299835374 0.7492828930670401 16
1683299838221 0.7291600081035179 17
1683299841077 0.7434006004367237 18
1683299843956 0.7783307914269322 19
1683299846863 0.7702627440815308 20
1683299849726 0.7713878160617057 21
1683299852573 0.7915777507744108 22
1683299855421 0.7856362923573934 23
1683299858309 0.7826285223553783 24
1683299861231 0.7731270203316253 25
