1683299789480 0.747416615486145 0
1683299792355 0.5807792894980487 1
1683299795202 0.49024608643615947 2
1683299798101 0.4766932682079427 3
1683299801001 0.5507400956223992 4
1683299803842 0.437572725555476 5
1683299806689 0.41558656534727884 6
1683299809546 0.418301201042007 7
1683299812415 0.35791806263082165 8
1683299815272 0.3925890256376827 9
1683299818124 0.370999788536745 10
1683299820978 0.3262837634367101 11
1683299823819 0.2911820841186187 12
1683299826709 0.3093417006380418 13
1683299829608 0.3067171187961803 14
1683299832486 0.2654857547844158 15
1683299835374 0.25698944575646343 16
1683299838221 0.28851373581325307 17
1683299841077 0.24877744124216192 18
1683299843956 0.21572097259409287 19
1683299846863 0.21775323327849894 20
1683299849726 0.21898330353638706 21
1683299852573 0.20258866250514984 22
1683299855421 0.2176551029962652 23
1683299858309 0.21302617998684154 24
1683299861231 0.21412264555692673 25
