1683299789480 0.679093062877655 0
1683299792355 0.5741686224937439 1
1683299795202 0.5170183777809143 2
1683299798101 0.5062875747680664 3
1683299801001 0.5307279825210571 4
1683299803842 0.48578789830207825 5
1683299806689 0.47113272547721863 6
1683299809546 0.48194000124931335 7
1683299812415 0.4370749592781067 8
1683299815272 0.456018328666687 9
1683299818124 0.4359903931617737 10
1683299820978 0.41670355200767517 11
1683299823819 0.40257543325424194 12
1683299826709 0.41205015778541565 13
1683299829608 0.39268195629119873 14
1683299832486 0.3803275227546692 15
1683299835374 0.3734235465526581 16
1683299838221 0.37868407368659973 17
1683299841077 0.37111422419548035 18
1683299843956 0.3521575331687927 19
1683299846863 0.35998252034187317 20
1683299849726 0.35322272777557373 21
1683299852573 0.338238000869751 22
1683299855421 0.3441588282585144 23
1683299858309 0.3394245207309723 24
1683299861231 0.34352564811706543 25
