1686002616018 0.0 0
1686002622445 1.0 1
1686002629440 2.0 2
1686002636329 3.0 3
1686002642274 4.0 4
1686002648686 5.0 5
1686002655714 6.0 6
1686002660420 7.0 7
1686002667243 8.0 8
1686002674087 9.0 9
1686002679843 10.0 10
1686002686044 11.0 11
1686002693044 12.0 12
1686002699575 13.0 13
1686002705517 14.0 14
1686002712679 15.0 15
1686002719101 16.0 16
1686002723841 17.0 17
1686002730430 18.0 18
1686002737347 19.0 19
1686002743074 20.0 20
1686002749466 21.0 21
1686002756338 22.0 22
1686002762829 23.0 23
1686002768479 24.0 24
1686002775358 25.0 25
1686002782239 26.0 26
1686002787565 27.0 27
1686002794082 28.0 28
1686002801193 29.0 29
