1683296315763 0.0 0
1683296319060 1.0 1
1683296322303 2.0 2
1683296325544 3.0 3
1683296328802 4.0 4
1683296332050 5.0 5
1683296335296 6.0 6
1683296338533 7.0 7
1683296341767 8.0 8
1683296345029 9.0 9
1683296348300 10.0 10
1683296351531 11.0 11
1683296354751 12.0 12
1683296358002 13.0 13
1683296361298 14.0 14
1683296364571 15.0 15
1683296367831 16.0 16
1683296371066 17.0 17
1683296374337 18.0 18
1683296377653 19.0 19
1683296381111 20.0 20
1683296384388 21.0 21
1683296387650 22.0 22
1683296390947 23.0 23
1683296394235 24.0 24
1683296397511 25.0 25
