1683296315738 0.9468912787058137 0
1683296319050 0.6064091009849851 1
1683296322292 0.5032771080732346 2
1683296325533 0.513477228412574 3
1683296328791 0.47813347659327765 4
1683296332039 0.43726065958088095 5
1683296335286 0.40986150062896987 6
1683296338522 0.37133219956674357 7
1683296341757 0.392553063956174 8
1683296345007 0.3811981522224166 9
1683296348288 0.3523758412762122 10
1683296351521 0.35698344897140155 11
1683296354741 0.3286043248054656 12
1683296357992 0.28131307593800803 13
1683296361265 0.33603981425139035 14
1683296364561 0.28885782984170044 15
1683296367821 0.3055719116872007 16
1683296371056 0.2748879366130991 17
1683296374325 0.298412170176479 18
1683296377634 0.2637530964883891 19
1683296381101 0.2668259550224651 20
1683296384377 0.2574094286696477 21
1683296387640 0.2266526549038562 22
1683296390935 0.2274316640740091 23
1683296394224 0.2237462108446793 24
1683296397500 0.24476756748150696 25
