1683296315738 0.9468912482261658 0
1683296319050 0.6064091324806213 1
1683296322292 0.503277063369751 2
1683296325533 0.5134772062301636 3
1683296328791 0.4781334698200226 4
1683296332039 0.4372606575489044 5
1683296335286 0.4098614752292633 6
1683296338522 0.37133219838142395 7
1683296341757 0.39255303144454956 8
1683296345007 0.38119810819625854 9
1683296348288 0.3523758351802826 10
1683296351521 0.3569834530353546 11
1683296354741 0.3286043405532837 12
1683296357992 0.28131306171417236 13
1683296361265 0.33603978157043457 14
1683296364561 0.2888578176498413 15
1683296367821 0.30557191371917725 16
1683296371056 0.27488791942596436 17
1683296374325 0.29841217398643494 18
1683296377634 0.26375308632850647 19
1683296381101 0.26682594418525696 20
1683296384377 0.2574094533920288 21
1683296387640 0.22665266692638397 22
1683296390935 0.22743166983127594 23
1683296394224 0.22374621033668518 24
1683296397500 0.24476756155490875 25
