1683296315738 0.7527133822441101 0
1683296319050 0.6201830506324768 1
1683296322292 0.5462222695350647 2
1683296325533 0.5542683601379395 3
1683296328791 0.5411357879638672 4
1683296332039 0.4937322735786438 5
1683296335286 0.49216100573539734 6
1683296338522 0.47175970673561096 7
1683296341757 0.48839858174324036 8
1683296345007 0.46963560581207275 9
1683296348288 0.4507995545864105 10
1683296351521 0.4570730924606323 11
1683296354741 0.4401402771472931 12
1683296357992 0.40846845507621765 13
1683296361265 0.4430503845214844 14
1683296364561 0.40801146626472473 15
1683296367821 0.41933584213256836 16
1683296371056 0.3927280604839325 17
1683296374325 0.40928953886032104 18
1683296377634 0.3956303298473358 19
1683296381101 0.3932828903198242 20
1683296384377 0.39458319544792175 21
1683296387640 0.3640751838684082 22
1683296390935 0.3698867857456207 23
1683296394224 0.3688488006591797 24
1683296397500 0.3689351975917816 25
