1683296315738 -0.09236278496818531 0
1683296319050 0.30754516295336587 1
1683296322292 0.4178801883461319 2
1683296325533 0.4058871577096344 3
1683296328791 0.45922249988021663 4
1683296332039 0.4972233839261293 5
1683296335286 0.513081555904545 6
1683296338522 0.5766405055171789 7
1683296341757 0.5299501403051866 8
1683296345007 0.5736034879470862 9
1683296348288 0.6049023782042352 10
1683296351521 0.5833349417296276 11
1683296354741 0.6022974770296422 12
1683296357992 0.6614247848201523 13
1683296361265 0.5945578686765962 14
1683296364561 0.6506665439392421 15
1683296367821 0.6151173837227734 16
1683296371056 0.6767435437057361 17
1683296374325 0.6575725142278253 18
1683296377634 0.668588413913196 19
1683296381101 0.6587043731316935 20
1683296384377 0.6827238808020196 21
1683296387640 0.7371966604090722 22
1683296390935 0.7131448954424686 23
1683296394224 0.7328658914101523 24
1683296397500 0.7173763327453031 25
