1686003227988 0.0 0
1686003235065 1.0 1
1686003242329 2.0 2
1686003248166 3.0 3
1686003255438 4.0 4
1686003262408 5.0 5
1686003268336 6.0 6
1686003275260 7.0 7
1686003282168 8.0 8
1686003287457 9.0 9
1686003294307 10.0 10
1686003301190 11.0 11
1686003306393 12.0 12
1686003312979 13.0 13
1686003320100 14.0 14
1686003326137 15.0 15
1686003332310 16.0 16
1686003339280 17.0 17
1686003346047 18.0 18
1686003352206 19.0 19
1686003359327 20.0 20
1686003365172 21.0 21
1686003369978 22.0 22
1686003377047 23.0 23
1686003384065 24.0 24
1686003389623 25.0 25
1686003396112 26.0 26
1686003403000 27.0 27
1686003409174 28.0 28
1686003415610 29.0 29
