1682418954404 0 0
1682418961395 1 1
1682418968112 2 2
1682418975389 3 3
1682418983115 4 4
1682418990263 5 5
1682418997284 6 6
1682419004522 7 7
1682419011625 8 8
1682419018832 9 9
1682419025869 10 10
1682419033026 11 11
1682419039883 12 12
1682419046753 13 13
1682419053594 14 14
1682419060677 15 15
1682419067938 16 16
1682419075155 17 17
1682419082402 18 18
1682419089546 19 19
1682419096847 20 20
1682419103890 21 21
1682419110888 22 22
1682419117992 23 23
1682419125013 24 24
1682419131736 25 25
1682419139106 26 26
1682419146325 27 27
1682419153557 28 28
1682419160818 29 29
