1686001922999 0.0 0
1686001930707 1.0 1
1686001938398 2.0 2
1686001944501 3.0 3
1686001952045 4.0 4
1686001959741 5.0 5
1686001965980 6.0 6
1686001971854 7.0 7
1686001979494 8.0 8
1686001987186 9.0 9
1686001994189 10.0 10
1686002001870 11.0 11
1686002009288 12.0 12
1686002016055 13.0 13
1686002024118 14.0 14
1686002031488 15.0 15
1686002039847 16.0 16
1686002045364 17.0 17
1686002052907 18.0 18
1686002059701 19.0 19
1686002067370 20.0 20
1686002074942 21.0 21
1686002081880 22.0 22
1686002089450 23.0 23
1686002096583 24.0 24
1686002103572 25.0 25
1686002111074 26.0 26
1686002117709 27.0 27
