1686001922979 -0.4215189558331423 0
1686001930697 -0.0831797920400443 1
1686001938387 0.16413159064044475 2
1686001944474 0.19690078538431763 3
1686001952036 0.07387482278705887 4
1686001959732 0.10611451520742397 5
1686001965970 0.26278487845953513 6
1686001971844 0.08538019774123472 7
1686001979484 0.2716155748068263 8
1686001987175 0.2685843243101338 9
1686001994179 0.33483690611734884 10
1686002001853 0.1323469315379472 11
1686002009278 0.11783683199024082 12
1686002016045 0.342946351544243 13
1686002024108 0.42192148305786537 14
1686002031477 0.22897615767824755 15
1686002039837 0.2053833196223203 16
1686002045354 0.32524232814144566 17
1686002052898 -1.5507415177338995 18
1686002059671 0.40387907485070446 19
1686002067359 0.44949702481362963 20
1686002074933 0.4258306503574433 21
1686002081869 0.26385686089500826 22
1686002089440 0.4261206639952642 23
1686002096573 0.4321122843339878 24
1686002103561 0.1971731086118354 25
1686002111064 0.3535555288880017 26
1686002117700 0.44271688905577666 27
