1686001922979 0.8606547713279724 0
1686001930697 0.6259080171585083 1
1686001938387 0.6116678714752197 2
1686001944474 0.5522683262825012 3
1686001952036 0.5002432465553284 4
1686001959732 0.4482535719871521 5
1686001965970 0.44344595074653625 6
1686001971844 0.4770236611366272 7
1686001979484 0.42878589034080505 8
1686001987175 0.4250966012477875 9
1686001994179 0.4060630798339844 10
1686002001853 0.4236901104450226 11
1686002009278 0.36339274048805237 12
1686002016045 0.37977495789527893 13
1686002024108 0.3683476746082306 14
1686002031477 0.40641194581985474 15
1686002039837 0.36292773485183716 16
1686002045354 0.3629934787750244 17
1686002052898 0.36615055799484253 18
1686002059671 0.36812567710876465 19
1686002067359 0.3810088336467743 20
1686002074933 0.33538737893104553 21
1686002081869 0.3625383675098419 22
1686002089440 0.34816882014274597 23
1686002096573 0.35275891423225403 24
1686002103561 0.35864806175231934 25
1686002111064 0.3499321937561035 26
1686002117700 0.34376218914985657 27
