1686001922979 0.8606548329645937 0
1686001930697 0.6259080795288989 1
1686001938387 0.6116679430882813 2
1686001944474 0.55226829887904 3
1686001952036 0.500243290948371 4
1686001959732 0.4482536169587437 5
1686001965970 0.44344598095807614 6
1686001971844 0.47702366517235834 7
1686001979484 0.42878593669526954 8
1686001987175 0.4250966038018691 9
1686001994179 0.4060630929712771 10
1686002001853 0.4236901095701438 11
1686002009278 0.3633927657607604 12
1686002016045 0.37977496464031213 13
1686002024108 0.36834768931183853 14
1686002031477 0.40641197107845184 15
1686002039837 0.36292772531283624 16
1686002045354 0.36299345708649716 17
1686002052898 0.36615058293594327 18
1686002059671 0.36812565963235544 19
1686002067359 0.38100880739335535 20
1686002074933 0.33538737291978166 21
1686002081869 0.36253840245560487 22
1686002089440 0.3481687961400233 23
1686002096573 0.35275891109962354 24
1686002103561 0.35864808328562614 25
1686002111064 0.34993213635276665 26
1686002117700 0.3437622114733765 27
