1686001922979 0.7322595119476318 0
1686001930697 0.600821852684021 1
1686001938387 0.5860207080841064 2
1686001944474 0.5556227564811707 3
1686001952036 0.5237764120101929 4
1686001959732 0.5092135071754456 5
1686001965970 0.49991098046302795 6
1686001971844 0.5096189379692078 7
1686001979484 0.4855670928955078 8
1686001987175 0.48797839879989624 9
1686001994179 0.4725123941898346 10
1686002001853 0.4842587411403656 11
1686002009278 0.4485490918159485 12
1686002016045 0.4513843357563019 13
1686002024108 0.45553773641586304 14
1686002031477 0.46995672583580017 15
1686002039837 0.45095670223236084 16
1686002045354 0.4557730257511139 17
1686002052898 0.44344717264175415 18
1686002059671 0.4334748387336731 19
1686002067359 0.46338358521461487 20
1686002074933 0.4290507435798645 21
1686002081869 0.4544040262699127 22
1686002089440 0.4298463463783264 23
1686002096573 0.4312970042228699 24
1686002103561 0.44113269448280334 25
1686002111064 0.44319164752960205 26
1686002117700 0.43615591526031494 27
