1682419414096 0 0
1682419421156 1 1
1682419428153 2 2
1682419435694 3 3
1682419442903 4 4
1682419450083 5 5
1682419457205 6 6
1682419464122 7 7
1682419471404 8 8
1682419478832 9 9
1682419485933 10 10
1682419492972 11 11
1682419499964 12 12
1682419507030 13 13
1682419513988 14 14
1682419520964 15 15
1682419528100 16 16
1682419535270 17 17
1682419542511 18 18
1682419549792 19 19
1682419556971 20 20
1682419564034 21 21
1682419571254 22 22
1682419578656 23 23
1682419585971 24 24
1682419593406 25 25
1682419600926 26 26
1682419608488 27 27
1682419616835 28 28
1682419624146 29 29
