1683301762948 0.0 0
1683301767809 1.0 1
1683301772633 2.0 2
1683301777468 3.0 3
1683301782286 4.0 4
1683301787137 5.0 5
1683301791950 6.0 6
1683301796809 7.0 7
1683301801677 8.0 8
1683301806523 9.0 9
1683301811353 10.0 10
1683301816205 11.0 11
1683301821040 12.0 12
1683301825864 13.0 13
1683301830690 14.0 14
1683301835510 15.0 15
1683301840298 16.0 16
1683301845100 17.0 17
1683301849913 18.0 18
1683301854695 19.0 19
1683301859538 20.0 20
1683301864335 21.0 21
1683301869103 22.0 22
1683301873867 23.0 23
1683301878679 24.0 24
1683301883469 25.0 25
