1683301762932 0.7696092214548227 0
1683301767801 0.6492429330775683 1
1683301772627 0.547198076365572 2
1683301777460 0.5236492121846161 3
1683301782278 0.4679634746051196 4
1683301787129 0.410504405908851 5
1683301791943 0.4158605254170569 6
1683301796795 0.3970488349794213 7
1683301801671 0.3991798515657358 8
1683301806516 0.3910324769376805 9
1683301811340 0.39009903975282656 10
1683301816197 0.3276691235333794 11
1683301821033 0.3619357366608738 12
1683301825857 0.3448404011768148 13
1683301830680 0.33238270037779305 14
1683301835503 0.3344584378681964 15
1683301840291 0.3409873621651169 16
1683301845086 0.34042740335236443 17
1683301849906 0.34441141781368945 18
1683301854688 0.3524336639199067 19
1683301859524 0.3322303305718709 20
1683301864328 0.33216479421367473 21
1683301869096 0.3007904121609913 22
1683301873860 0.3373785779501001 23
1683301878658 0.3011247451120818 24
1683301883463 0.32244577782341477 25
