1683301762932 0.6977188587188721 0
1683301767801 0.6075470447540283 1
1683301772627 0.5776065587997437 2
1683301777460 0.5355860590934753 3
1683301782278 0.5157630443572998 4
1683301787129 0.4819188117980957 5
1683301791943 0.4808400571346283 6
1683301796795 0.47430333495140076 7
1683301801671 0.4753413200378418 8
1683301806516 0.470496267080307 9
1683301811340 0.4729291796684265 10
1683301816197 0.42782068252563477 11
1683301821033 0.4445841312408447 12
1683301825857 0.44714275002479553 13
1683301830680 0.43087226152420044 14
1683301835503 0.4293634295463562 15
1683301840291 0.4289720058441162 16
1683301845086 0.42137715220451355 17
1683301849906 0.4333329200744629 18
1683301854688 0.4363817274570465 19
1683301859524 0.42974695563316345 20
1683301864328 0.4149794578552246 21
1683301869096 0.405119925737381 22
1683301873860 0.4226206839084625 23
1683301878658 0.4084990322589874 24
1683301883463 0.4114941656589508 25
