1683301762932 -0.41015153170078306 0
1683301767801 -0.1380321417374844 1
1683301772627 0.014363317444581507 2
1683301777460 0.23249558861818448 3
1683301782278 0.17918307790708324 4
1683301787129 0.34389280650379894 5
1683301791943 0.2420116338364532 6
1683301796795 0.12845292495354443 7
1683301801671 0.050953971161200394 8
1683301806516 0.37472971383780335 9
1683301811340 0.29360405612171864 10
1683301816197 0.3078445985851302 11
1683301821033 0.361324828122786 12
1683301825857 0.3342005785826455 13
1683301830680 0.44144577909649696 14
1683301835503 -0.2532477452071872 15
1683301840291 0.23152002389333784 16
1683301845086 0.45206176505241613 17
1683301849906 0.4720325258820025 18
1683301854688 0.24555168529675375 19
1683301859524 0.359546068493755 20
1683301864328 0.4148285380389385 21
1683301869096 0.365666831784018 22
1683301873860 0.22129285981759778 23
1683301878658 0.3985781011532289 24
1683301883463 0.3055762809364935 25
