1683301762932 0.7696091532707214 0
1683301767801 0.6492429971694946 1
1683301772627 0.5471981167793274 2
1683301777460 0.5236491560935974 3
1683301782278 0.46796342730522156 4
1683301787129 0.41050437092781067 5
1683301791943 0.41586050391197205 6
1683301796795 0.39704883098602295 7
1683301801671 0.3991798460483551 8
1683301806516 0.39103248715400696 9
1683301811340 0.39009904861450195 10
1683301816197 0.3276691436767578 11
1683301821033 0.36193570494651794 12
1683301825857 0.3448404371738434 13
1683301830680 0.3323826789855957 14
1683301835503 0.33445844054222107 15
1683301840291 0.34098735451698303 16
1683301845086 0.3404273986816406 17
1683301849906 0.3444114029407501 18
1683301854688 0.3524336516857147 19
1683301859524 0.3322302997112274 20
1683301864328 0.33216479420661926 21
1683301869096 0.300790399312973 22
1683301873860 0.337378591299057 23
1683301878658 0.3011247515678406 24
1683301883463 0.3224457800388336 25
