1683300513573 0.0 0
1683300518161 1.0 1
1683300522732 2.0 2
1683300527299 3.0 3
1683300531858 4.0 4
1683300536459 5.0 5
1683300541034 6.0 6
1683300545590 7.0 7
1683300550235 8.0 8
1683300554836 9.0 9
1683300559432 10.0 10
1683300564055 11.0 11
1683300568655 12.0 12
1683300573269 13.0 13
1683300577853 14.0 14
1683300582470 15.0 15
1683300587072 16.0 16
1683300591656 17.0 17
1683300596236 18.0 18
1683300600834 19.0 19
1683300605423 20.0 20
1683300610000 21.0 21
1683300614612 22.0 22
1683300619234 23.0 23
1683300623838 24.0 24
1683300628388 25.0 25
1683300632951 26.0 26
1683300637496 27.0 27
