1683300513551 0.7010608021677895 0
1683300518130 0.6128157761625268 1
1683300522723 0.6599519661853485 2
1683300527285 0.6285543163998447 3
1683300531847 0.5289472696286711 4
1683300536421 0.5340162407550396 5
1683300541025 0.4824296875546376 6
1683300545579 0.4633944299580021 7
1683300550200 0.47235765336363605 8
1683300554826 0.45754418801516294 9
1683300559421 0.438045943353438 10
1683300564019 0.43662809514243045 11
1683300568645 0.4537087908071099 12
1683300573255 0.447789263713992 13
1683300577845 0.4274131262138712 14
1683300582439 0.4141200469016577 15
1683300587061 0.41167880161524273 16
1683300591646 0.4175590140124162 17
1683300596226 0.411075864100095 18
1683300600823 0.412666734674889 19
1683300605413 0.41491147312758997 20
1683300609989 0.37555708010878525 21
1683300614603 0.38793827847323636 22
1683300619195 0.38371679844391166 23
1683300623829 0.37244844676531624 24
1683300628377 0.3622973409594234 25
1683300632940 0.3842541451114371 26
1683300637486 0.38393956991476996 27
