1683300513551 0.7010607719421387 0
1683300518130 0.6128157377243042 1
1683300522723 0.6599519848823547 2
1683300527285 0.6285543441772461 3
1683300531847 0.5289472341537476 4
1683300536421 0.5340162515640259 5
1683300541025 0.4824296832084656 6
1683300545579 0.4633944034576416 7
1683300550200 0.4723576009273529 8
1683300554826 0.45754414796829224 9
1683300559421 0.4380459785461426 10
1683300564019 0.4366281032562256 11
1683300568645 0.4537087678909302 12
1683300573255 0.4477892220020294 13
1683300577845 0.42741313576698303 14
1683300582439 0.41412001848220825 15
1683300587061 0.4116787910461426 16
1683300591646 0.41755902767181396 17
1683300596226 0.4110758602619171 18
1683300600823 0.4126667380332947 19
1683300605413 0.4149114489555359 20
1683300609989 0.3755570650100708 21
1683300614603 0.3879382610321045 22
1683300619195 0.3837168216705322 23
1683300623829 0.3724484443664551 24
1683300628377 0.3622973561286926 25
1683300632940 0.3842540979385376 26
1683300637486 0.3839395344257355 27
