1683300513551 0.6501345634460449 0
1683300518130 0.613240122795105 1
1683300522723 0.6216945052146912 2
1683300527285 0.6133678555488586 3
1683300531847 0.5612043738365173 4
1683300536421 0.5746517181396484 5
1683300541025 0.5325000286102295 6
1683300545579 0.5282953977584839 7
1683300550200 0.5226659178733826 8
1683300554826 0.5133946537971497 9
1683300559421 0.49575793743133545 10
1683300564019 0.5117482542991638 11
1683300568645 0.5090948343276978 12
1683300573255 0.5133068561553955 13
1683300577845 0.5027212500572205 14
1683300582439 0.49297818541526794 15
1683300587061 0.4953407645225525 16
1683300591646 0.48245954513549805 17
1683300596226 0.49306464195251465 18
1683300600823 0.492497056722641 19
1683300605413 0.4919542968273163 20
1683300609989 0.4619479179382324 21
1683300614603 0.4753958582878113 22
1683300619195 0.471750408411026 23
1683300623829 0.4612254500389099 24
1683300628377 0.4578874707221985 25
1683300632940 0.47458216547966003 26
1683300637486 0.47436633706092834 27
