1683300513551 -0.08448630094795694 0
1683300518130 -0.26319752525871554 1
1683300522723 -0.07194640994296074 2
1683300527285 -0.21854404351365167 3
1683300531847 0.1361199571598524 4
1683300536421 -0.16857403208317262 5
1683300541025 0.12941834326182217 6
1683300545579 0.1079891140766237 7
1683300550200 0.0911113850303165 8
1683300554826 -0.29522029616408413 9
1683300559421 0.27086843783704323 10
1683300564019 0.028403139789290807 11
1683300568645 0.03487514303136423 12
1683300573255 0.14074525149591516 13
1683300577845 0.12255271340941083 14
1683300582439 0.2864356432871993 15
1683300587061 -0.18186602235129842 16
1683300591646 0.14650246071258766 17
1683300596226 0.2104668949436908 18
1683300600823 0.0865863559746936 19
1683300605413 0.01694655582935605 20
1683300609989 0.06368380093534513 21
1683300614603 0.28402145835076215 22
1683300619195 0.2946532551532328 23
1683300623829 0.3038319438334496 24
1683300628377 0.24465242108801277 25
1683300632940 0.21641715480209983 26
1683300637486 0.19986055999284227 27
