1685999983879 0.0 0
1685999991115 1.0 1
1685999998370 2.0 2
1686000004410 3.0 3
1686000011664 4.0 4
1686000018900 5.0 5
1686000024562 6.0 6
1686000031934 7.0 7
1686000038668 8.0 8
1686000045267 9.0 9
1686000052025 10.0 10
1686000059176 11.0 11
1686000066127 12.0 12
1686000072827 13.0 13
1686000080056 14.0 14
1686000087154 15.0 15
1686000093802 16.0 16
1686000101013 17.0 17
1686000107164 18.0 18
1686000112408 19.0 19
1686000119611 20.0 20
1686000126828 21.0 21
1686000132678 22.0 22
1686000139655 23.0 23
1686000147012 24.0 24
1686000153470 25.0 25
