1685999983860 -0.3543323640092308 0
1685999991107 -0.24484775165953573 1
1685999998362 0.09685472915308871 2
1686000004401 0.08497018428694113 3
1686000011656 -0.23358572817761214 4
1686000018892 -0.049980629986816384 5
1686000024548 0.046246396584440144 6
1686000031926 0.004929141051782384 7
1686000038659 0.185013896639788 8
1686000045259 0.17000893988572663 9
1686000052016 0.05989263308173041 10
1686000059167 0.02341579391980013 11
1686000066118 0.006095738341223227 12
1686000072810 0.2367125890331462 13
1686000080048 0.38369276177039197 14
1686000087144 0.10673957960806335 15
1686000093794 0.14716651653337817 16
1686000101004 0.26042514010775447 17
1686000107155 -0.5567649152100703 18
1686000112400 0.27080615993985285 19
1686000119602 0.3136935950027692 20
1686000126821 0.17744062890674417 21
1686000132670 0.24744414741082787 22
1686000139645 0.33160637624609357 23
1686000147004 0.30313831537524727 24
1686000153457 0.010525581395743807 25
