1685999983860 0.8636310696601868 0
1685999991107 0.7098220586776733 1
1685999998362 0.6363301277160645 2
1686000004401 0.5883058309555054 3
1686000011656 0.673829197883606 4
1686000018892 0.5211586952209473 5
1686000024548 0.5734928250312805 6
1686000031926 0.5272473692893982 7
1686000038659 0.5340625643730164 8
1686000045259 0.5088964104652405 9
1686000052016 0.5041975378990173 10
1686000059167 0.5145025253295898 11
1686000066118 0.4330272078514099 12
1686000072810 0.45302361249923706 13
1686000080048 0.44341471791267395 14
1686000087144 0.4649658501148224 15
1686000093794 0.4260079860687256 16
1686000101004 0.4416358768939972 17
1686000107155 0.46103569865226746 18
1686000112400 0.4435010850429535 19
1686000119602 0.4266597032546997 20
1686000126821 0.4165124297142029 21
1686000132670 0.40557393431663513 22
1686000139645 0.42181193828582764 23
1686000147004 0.4044335186481476 24
1686000153457 0.42141181230545044 25
