1685999983860 0.8636310381081068 0
1685999991107 0.7098220698464888 1
1685999998362 0.6363301113896975 2
1686000004401 0.5883059302401362 3
1686000011656 0.6738292516180964 4
1686000018892 0.5211587291436665 5
1686000024548 0.5734928193869013 6
1686000031926 0.5272473408981706 7
1686000038659 0.5340626010332595 8
1686000045259 0.5088964196655786 9
1686000052016 0.5041975419488595 10
1686000059167 0.514502570414069 11
1686000066118 0.433027161877941 12
1686000072810 0.45302360562014987 13
1686000080048 0.4434146861912626 14
1686000087144 0.4649658828804439 15
1686000093794 0.42600801620971074 16
1686000101004 0.4416358584015997 17
1686000107155 0.46103568960714975 18
1686000112400 0.4435011131731285 19
1686000119602 0.4266596765003421 20
1686000126821 0.4165124236464952 21
1686000132670 0.4055739203467965 22
1686000139645 0.4218119567288368 23
1686000147004 0.40443351585417986 24
1686000153457 0.42141183237121865 25
