1685999983860 0.7068503499031067 0
1685999991107 0.6428008675575256 1
1685999998362 0.5886189937591553 2
1686000004401 0.5708765983581543 3
1686000011656 0.621588945388794 4
1686000018892 0.5600499510765076 5
1686000024548 0.5716226100921631 6
1686000031926 0.5333046913146973 7
1686000038659 0.539435625076294 8
1686000045259 0.537894606590271 9
1686000052016 0.5127536654472351 10
1686000059167 0.5248190760612488 11
1686000066118 0.4910370707511902 12
1686000072810 0.49544575810432434 13
1686000080048 0.48378393054008484 14
1686000087144 0.5032367706298828 15
1686000093794 0.477946013212204 16
1686000101004 0.4769080877304077 17
1686000107155 0.5044565200805664 18
1686000112400 0.48276299238204956 19
1686000119602 0.4864647686481476 20
1686000126821 0.4662298858165741 21
1686000132670 0.46623367071151733 22
1686000139645 0.47033026814460754 23
1686000147004 0.47446393966674805 24
1686000153457 0.48928210139274597 25
