1686001722685 0.0 0
1686001729347 1.0 1
1686001736968 2.0 2
1686001742613 3.0 3
1686001748549 4.0 4
1686001755935 5.0 5
1686001763491 6.0 6
1686001769710 7.0 7
1686001777143 8.0 8
1686001784707 9.0 9
1686001791006 10.0 10
1686001797991 11.0 11
1686001805525 12.0 12
1686001812306 13.0 13
1686001819355 14.0 14
1686001826596 15.0 15
1686001834102 16.0 16
1686001840414 17.0 17
1686001847863 18.0 18
1686001855420 19.0 19
1686001862110 20.0 20
1686001869664 21.0 21
1686001877170 22.0 22
1686001883519 23.0 23
1686001891116 24.0 24
1686001898065 25.0 25
