1686001722666 -0.3899234568313661 0
1686001729338 -0.05829125133611144 1
1686001736959 -0.34458151849918023 2
1686001742604 0.09757707240546874 3
1686001748539 0.2008144314725007 4
1686001755925 0.26816815763687085 5
1686001763482 0.3003291446599206 6
1686001769700 0.15762358483504463 7
1686001777129 -0.05305195057389366 8
1686001784698 0.20660180278972826 9
1686001790996 0.4376732060173786 10
1686001797981 0.25605603370967484 11
1686001805515 -1.4208961882125128 12
1686001812297 0.27973249527736427 13
1686001819345 0.3372485095385612 14
1686001826586 0.2905897476091767 15
1686001834093 0.21869325014111518 16
1686001840404 0.20479532685753626 17
1686001847852 0.25011830403849455 18
1686001855412 0.36109106457711126 19
1686001862100 0.34072571363969617 20
1686001869655 0.24446853926143228 21
1686001877160 0.4780383930002754 22
1686001883510 0.38021480939772173 23
1686001891106 0.09275442657878892 24
1686001898044 0.3013172482417789 25
