1686001722666 0.7796377539634705 0
1686001729338 0.6686443090438843 1
1686001736959 0.6693081855773926 2
1686001742604 0.5439527034759521 3
1686001748539 0.5280630588531494 4
1686001755925 0.41582992672920227 5
1686001763482 0.40083348751068115 6
1686001769700 0.449181467294693 7
1686001777129 0.4126448631286621 8
1686001784698 0.4689936339855194 9
1686001790996 0.3575916886329651 10
1686001797981 0.399774432182312 11
1686001805515 0.3979586064815521 12
1686001812297 0.36978206038475037 13
1686001819345 0.37190067768096924 14
1686001826586 0.36008360981941223 15
1686001834093 0.37365370988845825 16
1686001840404 0.3503164052963257 17
1686001847852 0.3917960524559021 18
1686001855412 0.36069899797439575 19
1686001862100 0.3589417338371277 20
1686001869655 0.3689741790294647 21
1686001877160 0.3397195339202881 22
1686001883510 0.318839430809021 23
1686001891106 0.34620794653892517 24
1686001898044 0.35002368688583374 25
