1686001722666 0.6814442276954651 0
1686001729338 0.6109423637390137 1
1686001736959 0.5993458032608032 2
1686001742604 0.5462444424629211 3
1686001748539 0.5284472107887268 4
1686001755925 0.4752665162086487 5
1686001763482 0.4686954915523529 6
1686001769700 0.4961984157562256 7
1686001777129 0.48279476165771484 8
1686001784698 0.5008309483528137 9
1686001790996 0.4492786228656769 10
1686001797981 0.46674492955207825 11
1686001805515 0.4662052392959595 12
1686001812297 0.4474015533924103 13
1686001819345 0.4513882100582123 14
1686001826586 0.4526323676109314 15
1686001834093 0.4606386721134186 16
1686001840404 0.44290396571159363 17
1686001847852 0.4482883810997009 18
1686001855412 0.4437791407108307 19
1686001862100 0.45010462403297424 20
1686001869655 0.4458225965499878 21
1686001877160 0.42056119441986084 22
1686001883510 0.4230128824710846 23
1686001891106 0.4330753684043884 24
1686001898044 0.4272685945034027 25
