1686001722666 0.7796378177731778 0
1686001729338 0.6686442907860813 1
1686001736959 0.669308184900067 2
1686001742604 0.5439527195906548 3
1686001748539 0.5280630491024842 4
1686001755925 0.4158299247395586 5
1686001763482 0.40083347424638993 6
1686001769700 0.44918148170197103 7
1686001777129 0.41264484946926433 8
1686001784698 0.46899365221686434 9
1686001790996 0.35759168027575605 10
1686001797981 0.3997744166179363 11
1686001805515 0.3979586360933767 12
1686001812297 0.36978206935931335 13
1686001819345 0.3719006973869083 14
1686001826586 0.3600836204026233 15
1686001834093 0.37365371426285215 16
1686001840404 0.3503163925118067 17
1686001847852 0.39179606464776123 18
1686001855412 0.36069898400455713 19
1686001862100 0.3589417366593173 20
1686001869655 0.36897416770542885 21
1686001877160 0.33971956365205574 22
1686001883510 0.31883940825972595 23
1686001891106 0.34620795962682954 24
1686001898044 0.35002368091337493 25
