1683301342874 0.0 0
1683301347513 1.0 1
1683301352144 2.0 2
1683301356826 3.0 3
1683301361533 4.0 4
1683301366181 5.0 5
1683301370831 6.0 6
1683301375492 7.0 7
1683301380143 8.0 8
1683301384772 9.0 9
1683301389457 10.0 10
1683301394108 11.0 11
1683301398752 12.0 12
1683301403429 13.0 13
1683301408078 14.0 14
1683301412723 15.0 15
1683301417344 16.0 16
1683301422032 17.0 17
1683301426683 18.0 18
1683301431313 19.0 19
1683301435991 20.0 20
1683301440637 21.0 21
1683301445268 22.0 22
1683301449913 23.0 23
1683301454718 24.0 24
1683301459360 25.0 25
1683301464011 26.0 26
