1683301342857 -0.26368684018568944 0
1683301347506 -0.3706654504022746 1
1683301352138 -0.014435869570230754 2
1683301356804 0.036322034530191824 3
1683301361526 0.3463170655969966 4
1683301366174 0.002271679805729856 5
1683301370824 0.1300801482604447 6
1683301375480 0.24370564668682215 7
1683301380137 0.3193429776343215 8
1683301384766 0.05557141351073824 9
1683301389428 0.40075943932172114 10
1683301394102 0.24510613502503792 11
1683301398745 0.050295710895484895 12
1683301403412 0.29639537048172476 13
1683301408071 0.2797525210248947 14
1683301412717 0.3059989101397052 15
1683301417338 0.012301598385636357 16
1683301422008 0.21602762434470596 17
1683301426673 0.31264153049806925 18
1683301431307 0.20333960963500283 19
1683301435976 0.08411581212767545 20
1683301440630 0.23673256595400466 21
1683301445261 0.41963953326518244 22
1683301449901 0.388189966986155 23
1683301454712 0.4147767058355045 24
1683301459353 0.37888890623854404 25
1683301464005 0.24813972103459053 26
