1683301342857 0.7779160737991333 0
1683301347506 0.6975834965705872 1
1683301352138 0.5597869753837585 2
1683301356804 0.48162639141082764 3
1683301361526 0.4064289927482605 4
1683301366174 0.40747568011283875 5
1683301370824 0.41625311970710754 6
1683301375480 0.41019579768180847 7
1683301380137 0.4015742540359497 8
1683301384766 0.39074188470840454 9
1683301389428 0.35125237703323364 10
1683301394102 0.37609556317329407 11
1683301398745 0.3623891770839691 12
1683301403412 0.3531469702720642 13
1683301408071 0.33769989013671875 14
1683301412717 0.35344386100769043 15
1683301417338 0.348106324672699 16
1683301422008 0.33971065282821655 17
1683301426673 0.3585810661315918 18
1683301431307 0.3409421443939209 19
1683301435976 0.34674692153930664 20
1683301440630 0.3316400647163391 21
1683301445261 0.3093591630458832 22
1683301449901 0.32941898703575134 23
1683301454712 0.32847288250923157 24
1683301459353 0.31024089455604553 25
1683301464005 0.34258073568344116 26
