1683301342857 0.7779160461981188 0
1683301347506 0.6975834932686253 1
1683301352138 0.5597870198791056 2
1683301356804 0.48162638599222357 3
1683301361526 0.4064290087782975 4
1683301366174 0.40747566952962766 5
1683301370824 0.4162531276092385 6
1683301375480 0.4101957730299821 7
1683301380137 0.4015742622485215 8
1683301384766 0.3907418778222619 9
1683301389428 0.3512523870237849 10
1683301394102 0.37609558751467953 11
1683301398745 0.36238920050814294 12
1683301403412 0.3531469609165056 13
1683301408071 0.3376999223943461 14
1683301412717 0.3534438752033042 15
1683301417338 0.34810630501614825 16
1683301422008 0.3397106086327271 17
1683301426673 0.358581080214318 18
1683301431307 0.34094218504756235 19
1683301435976 0.3467469407901676 20
1683301440630 0.3316400702901636 21
1683301445261 0.309359155200196 22
1683301449901 0.32941902296928066 23
1683301454712 0.3284728778243968 24
1683301459353 0.31024089447137987 25
1683301464005 0.3425807090984149 26
