1683301342857 0.7055292725563049 0
1683301347506 0.6528823375701904 1
1683301352138 0.5729378461837769 2
1683301356804 0.534595251083374 3
1683301361526 0.4891607165336609 4
1683301366174 0.4881596565246582 5
1683301370824 0.4830819368362427 6
1683301375480 0.4877232015132904 7
1683301380137 0.4900892376899719 8
1683301384766 0.4751962721347809 9
1683301389428 0.452399343252182 10
1683301394102 0.46686774492263794 11
1683301398745 0.46422824263572693 12
1683301403412 0.4518221318721771 13
1683301408071 0.44613346457481384 14
1683301412717 0.45078715682029724 15
1683301417338 0.44725507497787476 16
1683301422008 0.4476718008518219 17
1683301426673 0.4521324932575226 18
1683301431307 0.4471275508403778 19
1683301435976 0.4454209804534912 20
1683301440630 0.43537595868110657 21
1683301445261 0.4222111105918884 22
1683301449901 0.4355965852737427 23
1683301454712 0.43763887882232666 24
1683301459353 0.42672428488731384 25
1683301464005 0.4475398659706116 26
