1683296602017 0.0 0
1683296605329 1.0 1
1683296608628 2.0 2
1683296611950 3.0 3
1683296615285 4.0 4
1683296618603 5.0 5
1683296621915 6.0 6
1683296625216 7.0 7
1683296628593 8.0 8
1683296631921 9.0 9
1683296635259 10.0 10
1683296638600 11.0 11
1683296641930 12.0 12
1683296645390 13.0 13
1683296648782 14.0 14
1683296652094 15.0 15
1683296655407 16.0 16
1683296658779 17.0 17
1683296662102 18.0 18
1683296665394 19.0 19
1683296668701 20.0 20
1683296672041 21.0 21
1683296675358 22.0 22
1683296678688 23.0 23
1683296682015 24.0 24
1683296685335 25.0 25
