1683296601998 0.732052206993103 0
1683296605317 0.6160226464271545 1
1683296608617 0.5293030142784119 2
1683296611939 0.5046105980873108 3
1683296615274 0.41783761978149414 4
1683296618592 0.4105476438999176 5
1683296621905 0.3968280851840973 6
1683296625202 0.379366397857666 7
1683296628573 0.4055633246898651 8
1683296631910 0.36262521147727966 9
1683296635237 0.3624820113182068 10
1683296638589 0.3290885090827942 11
1683296641920 0.3211868107318878 12
1683296645320 0.3021184504032135 13
1683296648772 0.335985392332077 14
1683296652084 0.3045295476913452 15
1683296655396 0.2901921570301056 16
1683296658742 0.29472532868385315 17
1683296662091 0.2692930996417999 18
1683296665384 0.2309030145406723 19
1683296668690 0.25653159618377686 20
1683296672021 0.24340033531188965 21
1683296675347 0.25266072154045105 22
1683296678678 0.24457348883152008 23
1683296682004 0.23348355293273926 24
1683296685325 0.22148165106773376 25
