1683296601998 0.16272300296283293 0
1683296605317 0.3262502743136852 1
1683296608617 0.3911882502358441 2
1683296611939 0.45561729514458355 3
1683296615274 0.5597539729928586 4
1683296618592 0.5342355437321044 5
1683296621905 0.5773436735146671 6
1683296625202 0.540219349560927 7
1683296628573 0.5403735462692665 8
1683296631910 0.5857847729300727 9
1683296635237 0.5569752647835323 10
1683296638589 0.6088530912716531 11
1683296641920 0.6300610595782113 12
1683296645320 0.6190326448380329 13
1683296648772 0.6425104147976333 14
1683296652084 0.6430312228191203 15
1683296655396 0.6599063491637434 16
1683296658742 0.6885299809700582 17
1683296662091 0.678391364125193 18
1683296665384 0.7443083828204031 19
1683296668690 0.6675170794961324 20
1683296672021 0.7200658315970542 21
1683296675347 0.7154041326058406 22
1683296678678 0.7155891609562736 23
1683296682004 0.7125512365045533 24
1683296685325 0.7473368814387539 25
