1683296601998 0.7320522178303112 0
1683296605317 0.6160226389765739 1
1683296608617 0.5293030207130042 2
1683296611939 0.5046106451614336 3
1683296615274 0.41783762706274336 4
1683296618592 0.4105476782741872 5
1683296621905 0.3968280553817749 6
1683296625202 0.3793664662675424 7
1683296628573 0.4055633121593432 8
1683296631910 0.3626252246851271 9
1683296635237 0.36248202638869936 10
1683296638589 0.3290885073894804 11
1683296641920 0.3211868329142982 12
1683296645320 0.302118469029665 13
1683296648772 0.3359854060479186 14
1683296652084 0.3045295656404712 15
1683296655396 0.29019216718998825 16
1683296658742 0.2947253232652491 17
1683296662091 0.26929310793903743 18
1683296665384 0.2309030397710475 19
1683296668690 0.25653159245848656 20
1683296672021 0.24340034276247025 21
1683296675347 0.252660735425624 22
1683296678678 0.2445735028860244 23
1683296682004 0.23348354175686836 24
1683296685325 0.22148166825486856 25
