1683296601998 0.667359471321106 0
1683296605317 0.5945109724998474 1
1683296608617 0.5668025612831116 2
1683296611939 0.53829026222229 3
1683296615274 0.4824194610118866 4
1683296618592 0.472360223531723 5
1683296621905 0.46786126494407654 6
1683296625202 0.4610176384449005 7
1683296628573 0.4766455590724945 8
1683296631910 0.46358823776245117 9
1683296635237 0.4432983100414276 10
1683296638589 0.4318885803222656 11
1683296641920 0.41580069065093994 12
1683296645320 0.4264635741710663 13
1683296648772 0.4292866885662079 14
1683296652084 0.4047468304634094 15
1683296655396 0.4065757095813751 16
1683296658742 0.4040919244289398 17
1683296662091 0.385407954454422 18
1683296665384 0.3594677150249481 19
1683296668690 0.38445377349853516 20
1683296672021 0.3763239085674286 21
1683296675347 0.3805675804615021 22
1683296678678 0.368120938539505 23
1683296682004 0.37627553939819336 24
1683296685325 0.35705432295799255 25
