1686002142286 0.0 0
1686002149773 1.0 1
1686002157343 2.0 2
1686002163277 3.0 3
1686002170756 4.0 4
1686002178313 5.0 5
1686002184418 6.0 6
1686002191882 7.0 7
1686002198006 8.0 8
1686002205536 9.0 9
1686002212313 10.0 10
1686002219850 11.0 11
1686002227420 12.0 12
1686002234330 13.0 13
1686002241901 14.0 14
1686002249293 15.0 15
1686002255887 16.0 16
1686002263432 17.0 17
1686002269469 18.0 18
1686002275046 19.0 19
1686002282535 20.0 20
1686002290081 21.0 21
1686002295957 22.0 22
1686002303415 23.0 23
1686002311012 24.0 24
1686002317272 25.0 25
