1686002142266 0.7696091532707214 0
1686002149763 0.6492429971694946 1
1686002157333 0.5471981167793274 2
1686002163267 0.5236491560935974 3
1686002170746 0.46796342730522156 4
1686002178304 0.41050437092781067 5
1686002184408 0.41586050391197205 6
1686002191872 0.39704883098602295 7
1686002197996 0.3991798460483551 8
1686002205526 0.39103248715400696 9
1686002212304 0.39009904861450195 10
1686002219839 0.3276691436767578 11
1686002227411 0.36193570494651794 12
1686002234321 0.3448404371738434 13
1686002241892 0.3323826789855957 14
1686002249283 0.33445844054222107 15
1686002255877 0.34098735451698303 16
1686002263422 0.3404273986816406 17
1686002269459 0.3444114029407501 18
1686002275037 0.3524336516857147 19
1686002282525 0.3322302997112274 20
1686002290072 0.33216479420661926 21
1686002295948 0.300790399312973 22
1686002303406 0.337378591299057 23
1686002311001 0.3011247515678406 24
1686002317262 0.3224457800388336 25
