1686002142266 -0.41015153170078306 0
1686002149763 -0.1380321417374844 1
1686002157333 0.014363317444581507 2
1686002163267 0.23249558861818448 3
1686002170746 0.17918307790708324 4
1686002178304 0.34389280650379894 5
1686002184408 0.2420116338364532 6
1686002191872 0.12845292495354443 7
1686002197996 0.050953971161200394 8
1686002205526 0.37472971383780335 9
1686002212304 0.29360405612171864 10
1686002219839 0.3078445985851302 11
1686002227411 0.361324828122786 12
1686002234321 0.3342005785826455 13
1686002241892 0.44144577909649696 14
1686002249283 -0.2532477452071872 15
1686002255877 0.23152002389333784 16
1686002263422 0.45206176505241613 17
1686002269459 0.4720325258820025 18
1686002275037 0.24555168529675375 19
1686002282525 0.359546068493755 20
1686002290072 0.4148285380389385 21
1686002295948 0.365666831784018 22
1686002303406 0.22129285981759778 23
1686002311001 0.3985781011532289 24
1686002317262 0.3055762809364935 25
