1686002142266 0.7696092214548227 0
1686002149763 0.6492429330775683 1
1686002157333 0.547198076365572 2
1686002163267 0.5236492121846161 3
1686002170746 0.4679634746051196 4
1686002178304 0.410504405908851 5
1686002184408 0.4158605254170569 6
1686002191872 0.3970488349794213 7
1686002197996 0.3991798515657358 8
1686002205526 0.3910324769376805 9
1686002212304 0.39009903975282656 10
1686002219839 0.3276691235333794 11
1686002227411 0.3619357366608738 12
1686002234321 0.3448404011768148 13
1686002241892 0.33238270037779305 14
1686002249283 0.3344584378681964 15
1686002255877 0.3409873621651169 16
1686002263422 0.34042740335236443 17
1686002269459 0.34441141781368945 18
1686002275037 0.3524336639199067 19
1686002282525 0.3322303305718709 20
1686002290072 0.33216479421367473 21
1686002295948 0.3007904121609913 22
1686002303406 0.3373785779501001 23
1686002311001 0.3011247451120818 24
1686002317262 0.32244577782341477 25
