1686002142266 0.6977188587188721 0
1686002149763 0.6075470447540283 1
1686002157333 0.5776065587997437 2
1686002163267 0.5355860590934753 3
1686002170746 0.5157630443572998 4
1686002178304 0.4819188117980957 5
1686002184408 0.4808400571346283 6
1686002191872 0.47430333495140076 7
1686002197996 0.4753413200378418 8
1686002205526 0.470496267080307 9
1686002212304 0.4729291796684265 10
1686002219839 0.42782068252563477 11
1686002227411 0.4445841312408447 12
1686002234321 0.44714275002479553 13
1686002241892 0.43087226152420044 14
1686002249283 0.4293634295463562 15
1686002255877 0.4289720058441162 16
1686002263422 0.42137715220451355 17
1686002269459 0.4333329200744629 18
1686002275037 0.4363817274570465 19
1686002282525 0.42974695563316345 20
1686002290072 0.4149794578552246 21
1686002295948 0.405119925737381 22
1686002303406 0.4226206839084625 23
1686002311001 0.4084990322589874 24
1686002317262 0.4114941656589508 25
