1683299537835 0.0 0
1683299540673 1.0 1
1683299543561 2.0 2
1683299546432 3.0 3
1683299549264 4.0 4
1683299552082 5.0 5
1683299554935 6.0 6
1683299557787 7.0 7
1683299560689 8.0 8
1683299563560 9.0 9
1683299566381 10.0 10
1683299569211 11.0 11
1683299572045 12.0 12
1683299574939 13.0 13
1683299577790 14.0 14
1683299580634 15.0 15
1683299583455 16.0 16
1683299586285 17.0 17
1683299589129 18.0 18
1683299592019 19.0 19
1683299594879 20.0 20
1683299597705 21.0 21
1683299600575 22.0 22
1683299603430 23.0 23
1683299606252 24.0 24
1683299609172 25.0 25
