1683299537812 0.18154339808463943 0
1683299540662 0.40903288794038906 1
1683299543523 0.5205799759200632 2
1683299546418 0.5367018616552421 3
1683299549253 0.6047878192800012 4
1683299552072 0.5882534331319382 5
1683299554906 0.6307373122145252 6
1683299557778 0.6483723069634667 7
1683299560643 0.6762131126195942 8
1683299563550 0.6603441583012151 9
1683299566371 0.710671189520728 10
1683299569201 0.7359781196118319 11
1683299572035 0.7562214836002558 12
1683299574891 0.7646227919509034 13
1683299577779 0.7838695658005462 14
1683299580624 0.7575128942498471 15
1683299583445 0.763957738008795 16
1683299586276 0.7973832053499383 17
1683299589112 0.7760199753400603 18
1683299591988 0.7961279148007349 19
1683299594868 0.797316355739395 20
1683299597694 0.7771909866386072 21
1683299600545 0.8169655098360756 22
1683299603420 0.8049826227664758 23
1683299606239 0.812368227956383 24
1683299609119 0.8126751309007838 25
