1683299537812 0.871391773223877 0
1683299540662 0.6425339579582214 1
1683299543523 0.5609942078590393 2
1683299546418 0.4751531481742859 3
1683299549253 0.42209529876708984 4
1683299552072 0.4423298239707947 5
1683299554906 0.3901819884777069 6
1683299557778 0.37755921483039856 7
1683299560643 0.34534958004951477 8
1683299563550 0.3528236448764801 9
1683299566371 0.2999180555343628 10
1683299569201 0.27400803565979004 11
1683299572035 0.26472020149230957 12
1683299574891 0.2486235350370407 13
1683299577779 0.24404382705688477 14
1683299580624 0.25113019347190857 15
1683299583445 0.25965023040771484 16
1683299586276 0.20241554081439972 17
1683299589112 0.22897477447986603 18
1683299591988 0.2126002162694931 19
1683299594868 0.21605993807315826 20
1683299597694 0.2304076850414276 21
1683299600545 0.19244512915611267 22
1683299603420 0.197357177734375 23
1683299606239 0.19808699190616608 24
1683299609119 0.19754426181316376 25
