1683299537812 0.7190470695495605 0
1683299540662 0.6017559170722961 1
1683299543523 0.5295401811599731 2
1683299546418 0.529984176158905 3
1683299549253 0.48054879903793335 4
1683299552072 0.48159104585647583 5
1683299554906 0.466863751411438 6
1683299557778 0.44725608825683594 7
1683299560643 0.42920157313346863 8
1683299563550 0.4559272527694702 9
1683299566371 0.412835031747818 10
1683299569201 0.4004889726638794 11
1683299572035 0.3733133375644684 12
1683299574891 0.37300723791122437 13
1683299577779 0.36304807662963867 14
1683299580624 0.371908962726593 15
1683299583445 0.3634490966796875 16
1683299586276 0.3447350561618805 17
1683299589112 0.35594841837882996 18
1683299591988 0.3375404477119446 19
1683299594868 0.3480590581893921 20
1683299597694 0.3399524688720703 21
1683299600545 0.3379356563091278 22
1683299603420 0.33667683601379395 23
1683299606239 0.3248779773712158 24
1683299609119 0.3271234929561615 25
