1683299537812 0.8713918608777663 0
1683299540662 0.6425340701551998 1
1683299543523 0.5609942253898171 2
1683299546418 0.4751531657050638 3
1683299549253 0.42209529701401205 4
1683299552072 0.44232987130389495 5
1683299554906 0.3901819954900181 6
1683299557778 0.37755924726233764 7
1683299560643 0.34534959758029266 8
1683299563550 0.3528236492591746 9
1683299566371 0.2999180511516683 10
1683299569201 0.27400803653632894 11
1683299572035 0.26472021551693187 12
1683299574891 0.24862356922205756 13
1683299577779 0.24404382530380697 14
1683299580624 0.25113019610152526 15
1683299583445 0.25965021287693696 16
1683299586276 0.20241553774651358 17
1683299589112 0.22897478324525497 18
1683299591988 0.2126002320471932 19
1683299594868 0.21605994552373886 20
1683299597694 0.23040768416488872 21
1683299600545 0.19244512608822653 22
1683299603420 0.197357177734375 23
1683299606239 0.19808698533212438 24
1683299609119 0.1975442705785527 25
