1682418825282 0 0
1682418832419 1 1
1682418839745 2 2
1682418846974 3 3
1682418853853 4 4
1682418861296 5 5
1682418868281 6 6
1682418875558 7 7
1682418883016 8 8
1682418890386 9 9
1682418897626 10 10
1682418904913 11 11
1682418912344 12 12
1682418919704 13 13
1682418927131 14 14
1682418934350 15 15
1682418941264 16 16
1682418948122 17 17
1682418955739 18 18
1682418963290 19 19
1682418970550 20 20
1682418978046 21 21
1682418985769 22 22
1682418992970 23 23
1682419000211 24 24
1682419007633 25 25
1682419014879 26 26
1682419022188 27 27
1682419029357 28 28
1682419036507 29 29
