1682419763464 0 0
1682419770426 1 1
1682419778034 2 2
1682419785910 3 3
1682419793779 4 4
1682419801332 5 5
1682419808669 6 6
1682419816039 7 7
1682419823657 8 8
1682419831148 9 9
1682419838658 10 10
1682419846212 11 11
1682419853459 12 12
1682419861172 13 13
1682419868264 14 14
1682419874744 15 15
1682419879536 16 16
1682419884411 17 17
1682419889352 18 18
1682419894446 19 19
1682419899359 20 20
1682419904393 21 21
1682419909324 22 22
1682419914251 23 23
1682419919190 24 24
1682419924140 25 25
1682419929070 26 26
1682419933965 27 27
1682419938815 28 28
1682419943631 29 29
