1683299872802 0.0 0
1683299875698 1.0 1
1683299878558 2.0 2
1683299881466 3.0 3
1683299884359 4.0 4
1683299887251 5.0 5
1683299890185 6.0 6
1683299893098 7.0 7
1683299895976 8.0 8
1683299898880 9.0 9
1683299901791 10.0 10
1683299904733 11.0 11
1683299907664 12.0 12
1683299910572 13.0 13
1683299913481 14.0 14
1683299916378 15.0 15
1683299919339 16.0 16
1683299922276 17.0 17
1683299925188 18.0 18
1683299928095 19.0 19
1683299930992 20.0 20
1683299933900 21.0 21
1683299936827 22.0 22
1683299939792 23.0 23
1683299942724 24.0 24
1683299945622 25.0 25
