1683299872776 0.6597520936937893 0
1683299875688 0.4937928012188743 1
1683299878547 0.5034559439210331 2
1683299881455 0.4143721119445913 3
1683299884349 0.38628241595099955 4
1683299887241 0.396536730668124 5
1683299890169 0.31742410712382374 6
1683299893087 0.34218475310241475 7
1683299895966 0.3104264324202257 8
1683299898868 0.3138908796450671 9
1683299901780 0.2823491333162083 10
1683299904713 0.2564239843803294 11
1683299907653 0.21993265914566376 12
1683299910562 0.23292126638047836 13
1683299913470 0.2084875794894555 14
1683299916368 0.2300589110921411 15
1683299919298 0.21018673567210927 16
1683299922265 0.20080347140045726 17
1683299925178 0.1768124594407923 18
1683299928084 0.18815654384739258 19
1683299930982 0.20262337958111482 20
1683299933889 0.18716211660819895 21
1683299936809 0.19626456718234456 22
1683299939769 0.15866882178713293 23
1683299942713 0.15914210896281636 24
1683299945612 0.18023359161965988 25
