1683299872776 0.6359782814979553 0
1683299875688 0.5208123326301575 1
1683299878547 0.546409547328949 2
1683299881455 0.480549693107605 3
1683299884349 0.4643685817718506 4
1683299887241 0.4575147032737732 5
1683299890169 0.42440152168273926 6
1683299893087 0.42891812324523926 7
1683299895966 0.4249114990234375 8
1683299898868 0.4136446714401245 9
1683299901780 0.4030528962612152 10
1683299904713 0.38447022438049316 11
1683299907653 0.3600245416164398 12
1683299910562 0.37060391902923584 13
1683299913470 0.352127343416214 14
1683299916368 0.35926899313926697 15
1683299919298 0.35065895318984985 16
1683299922265 0.33580073714256287 17
1683299925178 0.32576850056648254 18
1683299928084 0.31540316343307495 19
1683299930982 0.3448999226093292 20
1683299933889 0.32813116908073425 21
1683299936809 0.3196147084236145 22
1683299939769 0.3110727369785309 23
1683299942713 0.3018272817134857 24
1683299945612 0.32190579175949097 25
