1683299872776 0.2997227522753324 0
1683299875688 0.5167836482586872 1
1683299878547 0.460489161112695 2
1683299881455 0.5841248048269835 3
1683299884349 0.5961808932055258 4
1683299887241 0.584566770359216 5
1683299890169 0.6832474801898086 6
1683299893087 0.6532163816835739 7
1683299895966 0.6376554272029122 8
1683299898868 0.6693143757237768 9
1683299901780 0.6934789031187513 10
1683299904713 0.7371396424137946 11
1683299907653 0.7616301675972942 12
1683299910562 0.7430064228074857 13
1683299913470 0.7722806309532182 14
1683299916368 0.7532713264339732 15
1683299919298 0.7757600791426805 16
1683299922265 0.7877913123743479 17
1683299925178 0.8065887905661866 18
1683299928084 0.7969554621312093 19
1683299930982 0.7741226887774207 20
1683299933889 0.7945644211949634 21
1683299936809 0.796947561508879 22
1683299939769 0.8357368192420283 23
1683299942713 0.8236349289969678 24
1683299945612 0.8071035685585839 25
