1683299872776 0.6597521305084229 0
1683299875688 0.4937927722930908 1
1683299878547 0.5034559369087219 2
1683299881455 0.4143720865249634 3
1683299884349 0.38628238439559937 4
1683299887241 0.3965367078781128 5
1683299890169 0.31742405891418457 6
1683299893087 0.34218475222587585 7
1683299895966 0.3104264438152313 8
1683299898868 0.31389090418815613 9
1683299901780 0.2823491394519806 10
1683299904713 0.2564239501953125 11
1683299907653 0.2199326604604721 12
1683299910562 0.23292125761508942 13
1683299913470 0.20848757028579712 14
1683299916368 0.23005890846252441 15
1683299919298 0.21018673479557037 16
1683299922265 0.2008034586906433 17
1683299925178 0.17681245505809784 18
1683299928084 0.18815653026103973 19
1683299930982 0.2026233822107315 20
1683299933889 0.1871621012687683 21
1683299936809 0.19626455008983612 22
1683299939769 0.15866881608963013 23
1683299942713 0.15914210677146912 24
1683299945612 0.18023359775543213 25
