1683298147305 0.0 0
1683298150688 1.0 1
1683298154050 2.0 2
1683298157461 3.0 3
1683298160899 4.0 4
1683298164271 5.0 5
1683298167662 6.0 6
1683298171045 7.0 7
1683298174408 8.0 8
1683298177851 9.0 9
1683298181232 10.0 10
1683298184623 11.0 11
1683298187988 12.0 12
1683298191393 13.0 13
1683298194796 14.0 14
1683298198173 15.0 15
1683298201558 16.0 16
1683298204963 17.0 17
1683298208376 18.0 18
1683298211773 19.0 19
1683298215152 20.0 20
1683298218524 21.0 21
1683298221908 22.0 22
1683298225327 23.0 23
1683298228685 24.0 24
1683298232062 25.0 25
1683298235448 26.0 26
1683298238852 27.0 27
1683298242241 28.0 28
1683298245609 29.0 29
