1682419289119 0 0
1682419296635 1 1
1682419304137 2 2
1682419311469 3 3
1682419318895 4 4
1682419326246 5 5
1682419333752 6 6
1682419340745 7 7
1682419348336 8 8
1682419355782 9 9
1682419363294 10 10
1682419370712 11 11
1682419378167 12 12
1682419385729 13 13
1682419393298 14 14
1682419400516 15 15
1682419407522 16 16
1682419415014 17 17
1682419422904 18 18
1682419430362 19 19
1682419437857 20 20
1682419445282 21 21
1682419452913 22 22
1682419460366 23 23
1682419467761 24 24
1682419475519 25 25
1682419483021 26 26
1682419490380 27 27
1682419497790 28 28
1682419505184 29 29
