1685999770337 0.0 0
1685999777504 1.0 1
1685999784001 2.0 2
1685999790698 3.0 3
1685999797869 4.0 4
1685999804878 5.0 5
1685999811218 6.0 6
1685999818188 7.0 7
1685999825331 8.0 8
1685999831127 9.0 9
1685999838282 10.0 10
1685999845430 11.0 11
1685999850784 12.0 12
1685999857893 13.0 13
1685999865058 14.0 14
1685999871130 15.0 15
1685999877992 16.0 16
1685999884615 17.0 17
1685999891646 18.0 18
1685999897748 19.0 19
1685999905051 20.0 20
1685999912270 21.0 21
1685999918446 22.0 22
1685999925778 23.0 23
1685999933139 24.0 24
1685999939073 25.0 25
1685999946348 26.0 26
1685999953521 27.0 27
1685999959061 28.0 28
