1685999770301 0.7714857459068298 0
1685999777496 0.6562128663063049 1
1685999783993 0.6180021166801453 2
1685999790690 0.6141917705535889 3
1685999797860 0.6132497191429138 4
1685999804869 0.5240483283996582 5
1685999811210 0.52261883020401 6
1685999818180 0.4944622218608856 7
1685999825322 0.4978778660297394 8
1685999831119 0.5341922640800476 9
1685999838274 0.44981616735458374 10
1685999845421 0.4650440514087677 11
1685999850776 0.4927923083305359 12
1685999857885 0.4482092559337616 13
1685999865049 0.45319604873657227 14
1685999871122 0.4660097062587738 15
1685999877984 0.4354085624217987 16
1685999884606 0.3863868713378906 17
1685999891638 0.43503960967063904 18
1685999897733 0.4251323938369751 19
1685999905043 0.39974620938301086 20
1685999912261 0.44299763441085815 21
1685999918437 0.39195817708969116 22
1685999925769 0.37987253069877625 23
1685999933131 0.36771923303604126 24
1685999939064 0.385613352060318 25
1685999946340 0.3571908473968506 26
1685999953512 0.3836559057235718 27
1685999959052 0.37534722685813904 28
