1685999770301 0.6835172176361084 0
1685999777496 0.6195827722549438 1
1685999783993 0.5906801223754883 2
1685999790690 0.5965008735656738 3
1685999797860 0.5914034247398376 4
1685999804869 0.5346042513847351 5
1685999811210 0.5422258973121643 6
1685999818180 0.5265045166015625 7
1685999825322 0.5394664406776428 8
1685999831119 0.5413320064544678 9
1685999838274 0.49616456031799316 10
1685999845421 0.5130282044410706 11
1685999850776 0.5343888998031616 12
1685999857885 0.5045586824417114 13
1685999865049 0.5009698867797852 14
1685999871122 0.5061663389205933 15
1685999877984 0.49925243854522705 16
1685999884606 0.4770236015319824 17
1685999891638 0.48429661989212036 18
1685999897733 0.4957512319087982 19
1685999905043 0.47429195046424866 20
1685999912261 0.49483633041381836 21
1685999918437 0.4590565860271454 22
1685999925769 0.46265676617622375 23
1685999933131 0.46134570240974426 24
1685999939064 0.4676189422607422 25
1685999946340 0.45012781023979187 26
1685999953512 0.4643990993499756 27
1685999959052 0.4505714178085327 28
