1685999770301 0.7714858664425485 0
1685999777496 0.6562129237378637 1
1685999783993 0.6180021266142527 2
1685999790690 0.6141917583899517 3
1685999797860 0.6132496670452934 4
1685999804869 0.5240483773364262 5
1685999811210 0.5226188451051712 6
1685999818180 0.49446222513462557 7
1685999825322 0.4978778952676238 8
1685999831119 0.5341923221889319 9
1685999838274 0.4498161711645397 10
1685999845421 0.4650440617379817 11
1685999850776 0.4927922512517508 12
1685999857885 0.4482092834501104 13
1685999865049 0.4531960812764186 14
1685999871122 0.466009778252831 15
1685999877984 0.43540858160563267 16
1685999884606 0.3863868841506315 17
1685999891638 0.43503959708367335 18
1685999897733 0.4251324287474607 19
1685999905043 0.3997462046981761 20
1685999912261 0.44299764275748393 21
1685999918437 0.391958190184651 22
1685999925769 0.37987249965469044 23
1685999933131 0.3677192447057953 24
1685999939064 0.38561340525859233 25
1685999946340 0.3571908707504697 26
1685999953512 0.3836559108599569 27
1685999959052 0.3753472479540064 28
