1685999770301 -0.4149375953401168 0
1685999777496 -0.1317799313746384 1
1685999783993 -0.4986293767190075 2
1685999790690 -0.08345934790336641 3
1685999797860 -0.13206934471026094 4
1685999804869 0.027153800437284686 5
1685999811210 0.039320734677969635 6
1685999818180 0.06285506500734712 7
1685999825322 -0.07141210313488562 8
1685999831119 0.12710542306572487 9
1685999838274 0.2703358429400489 10
1685999845421 0.15721631411951625 11
1685999850776 -0.7389597641653431 12
1685999857885 0.14955025991664533 13
1685999865049 0.1620418454727726 14
1685999871122 0.0992359408745165 15
1685999877984 0.13312376705635243 16
1685999884606 -0.1831165429849002 17
1685999891638 0.18026496881367296 18
1685999897733 0.25028311577173135 19
1685999905043 0.24562810184307415 20
1685999912261 0.1145325242113659 21
1685999918437 0.3252724096599513 22
1685999925769 0.11754728151096004 23
1685999933131 -0.6676910809819221 24
1685999939064 -0.03861608234293043 25
1685999946340 0.31438396706606225 26
1685999953512 0.009166314270473019 27
1685999959052 0.32336910919774664 28
