1682419644324 0 0
1682419651919 1 1
1682419659559 2 2
1682419667007 3 3
1682419674309 4 4
1682419681543 5 5
1682419688728 6 6
1682419696410 7 7
1682419703949 8 8
1682419711550 9 9
1682419719034 10 10
1682419726710 11 11
1682419734362 12 12
1682419741562 13 13
1682419748599 14 14
1682419755650 15 15
1682419762948 16 16
1682419770276 17 17
1682419777884 18 18
1682419785771 19 19
1682419793639 20 20
1682419801180 21 21
1682419808505 22 22
1682419815819 23 23
1682419823394 24 24
1682419830750 25 25
1682419838140 26 26
1682419845635 27 27
1682419853017 28 28
1682419860762 29 29
