1683298582044 0.0 0
1683298585471 1.0 1
1683298588867 2.0 2
1683298592244 3.0 3
1683298595639 4.0 4
1683298599025 5.0 5
1683298602433 6.0 6
1683298605847 7.0 7
1683298609242 8.0 8
1683298612628 9.0 9
1683298618932 10.0 10
1683298622302 11.0 11
1683298625693 12.0 12
1683298629081 13.0 13
1683298632480 14.0 14
1683298635894 15.0 15
1683298639273 16.0 16
1683298642658 17.0 17
1683298646034 18.0 18
1683298649452 19.0 19
1683298652843 20.0 20
1683298656242 21.0 21
1683298659618 22.0 22
1683298663029 23.0 23
1683298666445 24.0 24
1683298669844 25.0 25
1683298673227 26.0 26
1683298676623 27.0 27
1683298680080 28.0 28
1683298683463 29.0 29
