1683298256010 0.0 0
1683298259440 1.0 1
1683298262874 2.0 2
1683298266270 3.0 3
1683298269727 4.0 4
1683298273179 5.0 5
1683298276635 6.0 6
1683298280004 7.0 7
1683298283388 8.0 8
1683298286852 9.0 9
1683298290277 10.0 10
1683298293655 11.0 11
1683298297092 12.0 12
1683298300541 13.0 13
1683298303998 14.0 14
1683298307446 15.0 15
1683298310854 16.0 16
1683298314278 17.0 17
1683298317686 18.0 18
1683298321123 19.0 19
1683298324512 20.0 20
1683298327902 21.0 21
1683298331371 22.0 22
1683298334779 23.0 23
1683298338201 24.0 24
1683298341529 25.0 25
1683298344917 26.0 26
1683298348337 27.0 27
1683298351672 28.0 28
1683298355067 29.0 29
