1682419181023 0 0
1682419188324 1 1
1682419195433 2 2
1682419202825 3 3
1682419210182 4 4
1682419217479 5 5
1682419224978 6 6
1682419231985 7 7
1682419239538 8 8
1682419247282 9 9
1682419254969 10 10
1682419262396 11 11
1682419269612 12 12
1682419276712 13 13
1682419283764 14 14
1682419291214 15 15
1682419298622 16 16
1682419305873 17 17
1682419313084 18 18
1682419320436 19 19
1682419327583 20 20
1682419335033 21 21
1682419342060 22 22
1682419349654 23 23
1682419357047 24 24
1682419364566 25 25
1682419371758 26 26
1682419379024 27 27
1682419386369 28 28
1682419393807 29 29
