1683299620595 0.0 0
1683299623497 1.0 1
1683299626356 2.0 2
1683299629191 3.0 3
1683299632033 4.0 4
1683299634885 5.0 5
1683299637764 6.0 6
1683299640631 7.0 7
1683299643487 8.0 8
1683299646365 9.0 9
1683299649248 10.0 10
1683299652110 11.0 11
1683299655000 12.0 12
1683299657871 13.0 13
1683299660713 14.0 14
1683299663559 15.0 15
1683299666401 16.0 16
1683299669302 17.0 17
1683299672181 18.0 18
1683299675060 19.0 19
1683299677933 20.0 20
1683299680800 21.0 21
1683299683700 22.0 22
1683299686600 23.0 23
1683299689471 24.0 24
1683299692338 25.0 25
