1683299620574 0.2413923284438404 0
1683299623475 0.48741042362479403 1
1683299626345 0.5254949756140581 2
1683299629181 0.5916937135092528 3
1683299632022 0.6044556058044934 4
1683299634874 0.6286430602620839 5
1683299637739 0.6412420811261853 6
1683299640621 0.6593310455756378 7
1683299643477 0.6933586406790927 8
1683299646350 0.6727806047795702 9
1683299649238 0.7500014292571601 10
1683299652100 0.7480676130590972 11
1683299654969 0.7786143339886434 12
1683299657862 0.7361960931518637 13
1683299660703 0.7572387337395393 14
1683299663549 0.7541757392146374 15
1683299666392 0.7819911546852968 16
1683299669251 0.7528511801217739 17
1683299672170 0.8107479769052354 18
1683299675050 0.8094952643326622 19
1683299677921 0.8130189024376389 20
1683299680789 0.7935001282601578 21
1683299683685 0.8183420763102116 22
1683299686590 0.8168555842649491 23
1683299689461 0.8188294003682431 24
1683299692329 0.8141549208317685 25
