1683299620574 0.6640530824661255 0
1683299623475 0.5475403666496277 1
1683299626345 0.5161879658699036 2
1683299629181 0.4716818332672119 3
1683299632022 0.46227240562438965 4
1683299634874 0.45178237557411194 5
1683299637739 0.44051098823547363 6
1683299640621 0.42624324560165405 7
1683299643477 0.4171869456768036 8
1683299646350 0.4132666289806366 9
1683299649238 0.3716288208961487 10
1683299652100 0.3644988536834717 11
1683299654969 0.3466472327709198 12
1683299657862 0.3617939054965973 13
1683299660703 0.356376051902771 14
1683299663549 0.3603096604347229 15
1683299666392 0.3365938663482666 16
1683299669251 0.35102516412734985 17
1683299672170 0.3165510892868042 18
1683299675050 0.3167836666107178 19
1683299677921 0.3226180970668793 20
1683299680789 0.31844961643218994 21
1683299683685 0.3180508613586426 22
1683299686590 0.3141683340072632 23
1683299689461 0.31137871742248535 24
1683299692329 0.3075292706489563 25
