1683299620574 0.7325307726860046 0
1683299623475 0.48580029606819153 1
1683299626345 0.4399752616882324 2
1683299629181 0.38273316621780396 3
1683299632022 0.3673263490200043 4
1683299634874 0.35028356313705444 5
1683299637739 0.33707597851753235 6
1683299640621 0.31464117765426636 7
1683299643477 0.283769428730011 8
1683299646350 0.2931918203830719 9
1683299649238 0.23973998427391052 10
1683299652100 0.22682307660579681 11
1683299654969 0.20639510452747345 12
1683299657862 0.22399894893169403 13
1683299660703 0.22255481779575348 14
1683299663549 0.229832261800766 15
1683299666392 0.20121370255947113 16
1683299669251 0.22431571781635284 17
1683299672170 0.17251500487327576 18
1683299675050 0.17195144295692444 19
1683299677921 0.17620058357715607 20
1683299680789 0.18438397347927094 21
1683299683685 0.17390745878219604 22
1683299686590 0.16895397007465363 23
1683299689461 0.1684328317642212 24
1683299692329 0.16920506954193115 25
