1683299620574 0.7325307639206157 0
1683299623475 0.4858003285001306 1
1683299626345 0.43997525818207683 2
1683299629181 0.38273316534126506 3
1683299632022 0.36732635252615986 4
1683299634874 0.35028353596434875 5
1683299637739 0.33707602322101593 6
1683299640621 0.31464120044427757 7
1683299643477 0.2837694567792556 8
1683299646350 0.2931918427348137 9
1683299649238 0.23973995490985758 10
1683299652100 0.22682307222310236 11
1683299654969 0.2063951150459402 12
1683299657862 0.22399896953035803 13
1683299660703 0.22255482743768132 14
1683299663549 0.22983225654153264 15
1683299666392 0.201213699491585 16
1683299669251 0.22431572263731675 17
1683299672170 0.17251500224365907 18
1683299675050 0.17195145741981618 19
1683299677921 0.17620059015119777 20
1683299680789 0.18438397610888763 21
1683299683685 0.1739074600970044 22
1683299686590 0.16895397445734808 23
1683299689461 0.1684328523628852 24
1683299692329 0.16920508356655345 25
