1683297474584 0.0 0
1683297477959 1.0 1
1683297481321 2.0 2
1683297484647 3.0 3
1683297488013 4.0 4
1683297491367 5.0 5
1683297494745 6.0 6
1683297498091 7.0 7
1683297501408 8.0 8
1683297504686 9.0 9
1683297510206 10.0 10
1683297513579 11.0 11
1683297516944 12.0 12
1683297520298 13.0 13
1683297523635 14.0 14
1683297527006 15.0 15
1683297530372 16.0 16
1683297533685 17.0 17
1683297536989 18.0 18
1683297540261 19.0 19
1683297543602 20.0 20
1683297546961 21.0 21
1683297550251 22.0 22
1683297553541 23.0 23
1683297556820 24.0 24
1683297560189 25.0 25
1683297563535 26.0 26
1683297566874 27.0 27
1683297570223 28.0 28
1683297573565 29.0 29
