1686000179695 0.0 0
1686000185095 1.0 1
1686000192465 2.0 2
1686000198229 3.0 3
1686000205538 4.0 4
1686000212945 5.0 5
1686000218810 6.0 6
1686000226092 7.0 7
1686000233490 8.0 8
1686000239759 9.0 9
1686000246945 10.0 10
1686000254397 11.0 11
1686000261456 12.0 12
1686000268338 13.0 13
1686000275814 14.0 14
1686000282933 15.0 15
1686000289832 16.0 16
1686000297112 17.0 17
1686000304111 18.0 18
1686000311094 19.0 19
1686000318587 20.0 20
1686000325430 21.0 21
1686000332488 22.0 22
1686000339617 23.0 23
1686000347181 24.0 24
1686000353862 25.0 25
