1686000179676 0.6940330853967955 0
1686000185087 0.664769369530294 1
1686000192456 0.6323975803556315 2
1686000198221 0.5690228011684887 3
1686000205529 0.5606980917015763 4
1686000212937 0.4951558451408125 5
1686000218801 0.47698120136434835 6
1686000226083 0.44931598368919257 7
1686000233481 0.4567140952655763 8
1686000239750 0.484526709681659 9
1686000246937 0.45909466001797805 10
1686000254389 0.43772547734393313 11
1686000261448 0.42458353288979694 12
1686000268329 0.4273051813978589 13
1686000275806 0.44435147791536467 14
1686000282925 0.4341949540980612 15
1686000289823 0.40397351782656077 16
1686000297104 0.38022026763241173 17
1686000304095 0.4124250496229665 18
1686000311085 0.3748938907784494 19
1686000318563 0.40999633214210696 20
1686000325421 0.42119428913363 21
1686000332479 0.38762624680318614 22
1686000339608 0.3945922383361242 23
1686000347173 0.39363611902985157 24
1686000353854 0.3667930009153982 25
