1686000179676 0.6371226906776428 0
1686000185087 0.6357126235961914 1
1686000192456 0.6142193078994751 2
1686000198221 0.5715883374214172 3
1686000205529 0.5667741894721985 4
1686000212937 0.535028338432312 5
1686000218801 0.5252676606178284 6
1686000226083 0.5083362460136414 7
1686000233481 0.5124427080154419 8
1686000239750 0.5227599740028381 9
1686000246937 0.49266329407691956 10
1686000254389 0.499843031167984 11
1686000261448 0.48339179158210754 12
1686000268329 0.49820825457572937 13
1686000275806 0.5001668930053711 14
1686000282925 0.4958614110946655 15
1686000289823 0.471476286649704 16
1686000297104 0.46189701557159424 17
1686000304095 0.48255935311317444 18
1686000311085 0.4603836238384247 19
1686000318563 0.4708408713340759 20
1686000325421 0.47270140051841736 21
1686000332479 0.4471476674079895 22
1686000339608 0.47420361638069153 23
1686000347173 0.4493969976902008 24
1686000353854 0.44428056478500366 25
