1686000179676 0.6940330862998962 0
1686000185087 0.6647692918777466 1
1686000192456 0.6323976516723633 2
1686000198221 0.5690227746963501 3
1686000205529 0.5606980919837952 4
1686000212937 0.49515584111213684 5
1686000218801 0.47698119282722473 6
1686000226083 0.44931596517562866 7
1686000233481 0.45671412348747253 8
1686000239750 0.48452672362327576 9
1686000246937 0.4590946137905121 10
1686000254389 0.4377254843711853 11
1686000261448 0.4245834946632385 12
1686000268329 0.4273051619529724 13
1686000275806 0.444351464509964 14
1686000282925 0.434194952249527 15
1686000289823 0.4039734899997711 16
1686000297104 0.3802202343940735 17
1686000304095 0.41242504119873047 18
1686000311085 0.37489384412765503 19
1686000318563 0.4099963307380676 20
1686000325421 0.42119425535202026 21
1686000332479 0.3876262307167053 22
1686000339608 0.3945922255516052 23
1686000347173 0.39363613724708557 24
1686000353854 0.3667930066585541 25
