1686000179676 -0.31448687374792716 0
1686000185087 -0.2911035772024158 1
1686000192456 -0.05909646993446695 2
1686000198221 0.07360168012250505 3
1686000205529 0.03257428557789532 4
1686000212937 0.1605790214828534 5
1686000218801 0.09158299168133968 6
1686000226083 -0.0018034036157075016 7
1686000233481 -0.196616747722774 8
1686000239750 0.22948915244716384 9
1686000246937 0.19039987025489277 10
1686000254389 0.10829001108411798 11
1686000261448 0.2656311789500007 12
1686000268329 0.20449693948183317 13
1686000275806 0.25832861601931445 14
1686000282925 -0.2627779047048918 15
1686000289823 0.025867823942821746 16
1686000297104 0.38448019459461624 17
1686000304095 0.3425169536721722 18
1686000311085 0.17653622877879507 19
1686000318563 0.280271901495174 20
1686000325421 0.28679229307472465 21
1686000332479 0.17504651547976977 22
1686000339608 0.1273199016154997 23
1686000347173 0.32627302559940025 24
1686000353854 0.034541922335240546 25
